,@relation SMILEfeaturesLive
0,@attribute name string
1,@attribute frameTime numeric
2,@attribute pcm_intensity_sma_max numeric
3,@attribute pcm_intensity_sma_min numeric
4,@attribute pcm_intensity_sma_range numeric
5,@attribute pcm_intensity_sma_maxPos numeric
6,@attribute pcm_intensity_sma_minPos numeric
7,@attribute pcm_intensity_sma_amean numeric
8,@attribute pcm_intensity_sma_linregc1 numeric
9,@attribute pcm_intensity_sma_linregc2 numeric
10,@attribute pcm_intensity_sma_linregerrA numeric
11,@attribute pcm_intensity_sma_linregerrQ numeric
12,@attribute pcm_intensity_sma_stddev numeric
13,@attribute pcm_intensity_sma_skewness numeric
14,@attribute pcm_intensity_sma_kurtosis numeric
15,@attribute pcm_intensity_sma_quartile1 numeric
16,@attribute pcm_intensity_sma_quartile2 numeric
17,@attribute pcm_intensity_sma_quartile3 numeric
18,@attribute pcm_intensity_sma_iqr1-2 numeric
19,@attribute pcm_intensity_sma_iqr2-3 numeric
20,@attribute pcm_intensity_sma_iqr1-3 numeric
21,@attribute pcm_loudness_sma_max numeric
22,@attribute pcm_loudness_sma_min numeric
23,@attribute pcm_loudness_sma_range numeric
24,@attribute pcm_loudness_sma_maxPos numeric
25,@attribute pcm_loudness_sma_minPos numeric
26,@attribute pcm_loudness_sma_amean numeric
27,@attribute pcm_loudness_sma_linregc1 numeric
28,@attribute pcm_loudness_sma_linregc2 numeric
29,@attribute pcm_loudness_sma_linregerrA numeric
30,@attribute pcm_loudness_sma_linregerrQ numeric
31,@attribute pcm_loudness_sma_stddev numeric
32,@attribute pcm_loudness_sma_skewness numeric
33,@attribute pcm_loudness_sma_kurtosis numeric
34,@attribute pcm_loudness_sma_quartile1 numeric
35,@attribute pcm_loudness_sma_quartile2 numeric
36,@attribute pcm_loudness_sma_quartile3 numeric
37,@attribute pcm_loudness_sma_iqr1-2 numeric
38,@attribute pcm_loudness_sma_iqr2-3 numeric
39,@attribute pcm_loudness_sma_iqr1-3 numeric
40,@attribute mfcc_sma[1]_max numeric
41,@attribute mfcc_sma[1]_min numeric
42,@attribute mfcc_sma[1]_range numeric
43,@attribute mfcc_sma[1]_maxPos numeric
44,@attribute mfcc_sma[1]_minPos numeric
45,@attribute mfcc_sma[1]_amean numeric
46,@attribute mfcc_sma[1]_linregc1 numeric
47,@attribute mfcc_sma[1]_linregc2 numeric
48,@attribute mfcc_sma[1]_linregerrA numeric
49,@attribute mfcc_sma[1]_linregerrQ numeric
50,@attribute mfcc_sma[1]_stddev numeric
51,@attribute mfcc_sma[1]_skewness numeric
52,@attribute mfcc_sma[1]_kurtosis numeric
53,@attribute mfcc_sma[1]_quartile1 numeric
54,@attribute mfcc_sma[1]_quartile2 numeric
55,@attribute mfcc_sma[1]_quartile3 numeric
56,@attribute mfcc_sma[1]_iqr1-2 numeric
57,@attribute mfcc_sma[1]_iqr2-3 numeric
58,@attribute mfcc_sma[1]_iqr1-3 numeric
59,@attribute mfcc_sma[2]_max numeric
60,@attribute mfcc_sma[2]_min numeric
61,@attribute mfcc_sma[2]_range numeric
62,@attribute mfcc_sma[2]_maxPos numeric
63,@attribute mfcc_sma[2]_minPos numeric
64,@attribute mfcc_sma[2]_amean numeric
65,@attribute mfcc_sma[2]_linregc1 numeric
66,@attribute mfcc_sma[2]_linregc2 numeric
67,@attribute mfcc_sma[2]_linregerrA numeric
68,@attribute mfcc_sma[2]_linregerrQ numeric
69,@attribute mfcc_sma[2]_stddev numeric
70,@attribute mfcc_sma[2]_skewness numeric
71,@attribute mfcc_sma[2]_kurtosis numeric
72,@attribute mfcc_sma[2]_quartile1 numeric
73,@attribute mfcc_sma[2]_quartile2 numeric
74,@attribute mfcc_sma[2]_quartile3 numeric
75,@attribute mfcc_sma[2]_iqr1-2 numeric
76,@attribute mfcc_sma[2]_iqr2-3 numeric
77,@attribute mfcc_sma[2]_iqr1-3 numeric
78,@attribute mfcc_sma[3]_max numeric
79,@attribute mfcc_sma[3]_min numeric
80,@attribute mfcc_sma[3]_range numeric
81,@attribute mfcc_sma[3]_maxPos numeric
82,@attribute mfcc_sma[3]_minPos numeric
83,@attribute mfcc_sma[3]_amean numeric
84,@attribute mfcc_sma[3]_linregc1 numeric
85,@attribute mfcc_sma[3]_linregc2 numeric
86,@attribute mfcc_sma[3]_linregerrA numeric
87,@attribute mfcc_sma[3]_linregerrQ numeric
88,@attribute mfcc_sma[3]_stddev numeric
89,@attribute mfcc_sma[3]_skewness numeric
90,@attribute mfcc_sma[3]_kurtosis numeric
91,@attribute mfcc_sma[3]_quartile1 numeric
92,@attribute mfcc_sma[3]_quartile2 numeric
93,@attribute mfcc_sma[3]_quartile3 numeric
94,@attribute mfcc_sma[3]_iqr1-2 numeric
95,@attribute mfcc_sma[3]_iqr2-3 numeric
96,@attribute mfcc_sma[3]_iqr1-3 numeric
97,@attribute mfcc_sma[4]_max numeric
98,@attribute mfcc_sma[4]_min numeric
99,@attribute mfcc_sma[4]_range numeric
100,@attribute mfcc_sma[4]_maxPos numeric
101,@attribute mfcc_sma[4]_minPos numeric
102,@attribute mfcc_sma[4]_amean numeric
103,@attribute mfcc_sma[4]_linregc1 numeric
104,@attribute mfcc_sma[4]_linregc2 numeric
105,@attribute mfcc_sma[4]_linregerrA numeric
106,@attribute mfcc_sma[4]_linregerrQ numeric
107,@attribute mfcc_sma[4]_stddev numeric
108,@attribute mfcc_sma[4]_skewness numeric
109,@attribute mfcc_sma[4]_kurtosis numeric
110,@attribute mfcc_sma[4]_quartile1 numeric
111,@attribute mfcc_sma[4]_quartile2 numeric
112,@attribute mfcc_sma[4]_quartile3 numeric
113,@attribute mfcc_sma[4]_iqr1-2 numeric
114,@attribute mfcc_sma[4]_iqr2-3 numeric
115,@attribute mfcc_sma[4]_iqr1-3 numeric
116,@attribute mfcc_sma[5]_max numeric
117,@attribute mfcc_sma[5]_min numeric
118,@attribute mfcc_sma[5]_range numeric
119,@attribute mfcc_sma[5]_maxPos numeric
120,@attribute mfcc_sma[5]_minPos numeric
121,@attribute mfcc_sma[5]_amean numeric
122,@attribute mfcc_sma[5]_linregc1 numeric
123,@attribute mfcc_sma[5]_linregc2 numeric
124,@attribute mfcc_sma[5]_linregerrA numeric
125,@attribute mfcc_sma[5]_linregerrQ numeric
126,@attribute mfcc_sma[5]_stddev numeric
127,@attribute mfcc_sma[5]_skewness numeric
128,@attribute mfcc_sma[5]_kurtosis numeric
129,@attribute mfcc_sma[5]_quartile1 numeric
130,@attribute mfcc_sma[5]_quartile2 numeric
131,@attribute mfcc_sma[5]_quartile3 numeric
132,@attribute mfcc_sma[5]_iqr1-2 numeric
133,@attribute mfcc_sma[5]_iqr2-3 numeric
134,@attribute mfcc_sma[5]_iqr1-3 numeric
135,@attribute mfcc_sma[6]_max numeric
136,@attribute mfcc_sma[6]_min numeric
137,@attribute mfcc_sma[6]_range numeric
138,@attribute mfcc_sma[6]_maxPos numeric
139,@attribute mfcc_sma[6]_minPos numeric
140,@attribute mfcc_sma[6]_amean numeric
141,@attribute mfcc_sma[6]_linregc1 numeric
142,@attribute mfcc_sma[6]_linregc2 numeric
143,@attribute mfcc_sma[6]_linregerrA numeric
144,@attribute mfcc_sma[6]_linregerrQ numeric
145,@attribute mfcc_sma[6]_stddev numeric
146,@attribute mfcc_sma[6]_skewness numeric
147,@attribute mfcc_sma[6]_kurtosis numeric
148,@attribute mfcc_sma[6]_quartile1 numeric
149,@attribute mfcc_sma[6]_quartile2 numeric
150,@attribute mfcc_sma[6]_quartile3 numeric
151,@attribute mfcc_sma[6]_iqr1-2 numeric
152,@attribute mfcc_sma[6]_iqr2-3 numeric
153,@attribute mfcc_sma[6]_iqr1-3 numeric
154,@attribute mfcc_sma[7]_max numeric
155,@attribute mfcc_sma[7]_min numeric
156,@attribute mfcc_sma[7]_range numeric
157,@attribute mfcc_sma[7]_maxPos numeric
158,@attribute mfcc_sma[7]_minPos numeric
159,@attribute mfcc_sma[7]_amean numeric
160,@attribute mfcc_sma[7]_linregc1 numeric
161,@attribute mfcc_sma[7]_linregc2 numeric
162,@attribute mfcc_sma[7]_linregerrA numeric
163,@attribute mfcc_sma[7]_linregerrQ numeric
164,@attribute mfcc_sma[7]_stddev numeric
165,@attribute mfcc_sma[7]_skewness numeric
166,@attribute mfcc_sma[7]_kurtosis numeric
167,@attribute mfcc_sma[7]_quartile1 numeric
168,@attribute mfcc_sma[7]_quartile2 numeric
169,@attribute mfcc_sma[7]_quartile3 numeric
170,@attribute mfcc_sma[7]_iqr1-2 numeric
171,@attribute mfcc_sma[7]_iqr2-3 numeric
172,@attribute mfcc_sma[7]_iqr1-3 numeric
173,@attribute mfcc_sma[8]_max numeric
174,@attribute mfcc_sma[8]_min numeric
175,@attribute mfcc_sma[8]_range numeric
176,@attribute mfcc_sma[8]_maxPos numeric
177,@attribute mfcc_sma[8]_minPos numeric
178,@attribute mfcc_sma[8]_amean numeric
179,@attribute mfcc_sma[8]_linregc1 numeric
180,@attribute mfcc_sma[8]_linregc2 numeric
181,@attribute mfcc_sma[8]_linregerrA numeric
182,@attribute mfcc_sma[8]_linregerrQ numeric
183,@attribute mfcc_sma[8]_stddev numeric
184,@attribute mfcc_sma[8]_skewness numeric
185,@attribute mfcc_sma[8]_kurtosis numeric
186,@attribute mfcc_sma[8]_quartile1 numeric
187,@attribute mfcc_sma[8]_quartile2 numeric
188,@attribute mfcc_sma[8]_quartile3 numeric
189,@attribute mfcc_sma[8]_iqr1-2 numeric
190,@attribute mfcc_sma[8]_iqr2-3 numeric
191,@attribute mfcc_sma[8]_iqr1-3 numeric
192,@attribute mfcc_sma[9]_max numeric
193,@attribute mfcc_sma[9]_min numeric
194,@attribute mfcc_sma[9]_range numeric
195,@attribute mfcc_sma[9]_maxPos numeric
196,@attribute mfcc_sma[9]_minPos numeric
197,@attribute mfcc_sma[9]_amean numeric
198,@attribute mfcc_sma[9]_linregc1 numeric
199,@attribute mfcc_sma[9]_linregc2 numeric
200,@attribute mfcc_sma[9]_linregerrA numeric
201,@attribute mfcc_sma[9]_linregerrQ numeric
202,@attribute mfcc_sma[9]_stddev numeric
203,@attribute mfcc_sma[9]_skewness numeric
204,@attribute mfcc_sma[9]_kurtosis numeric
205,@attribute mfcc_sma[9]_quartile1 numeric
206,@attribute mfcc_sma[9]_quartile2 numeric
207,@attribute mfcc_sma[9]_quartile3 numeric
208,@attribute mfcc_sma[9]_iqr1-2 numeric
209,@attribute mfcc_sma[9]_iqr2-3 numeric
210,@attribute mfcc_sma[9]_iqr1-3 numeric
211,@attribute mfcc_sma[10]_max numeric
212,@attribute mfcc_sma[10]_min numeric
213,@attribute mfcc_sma[10]_range numeric
214,@attribute mfcc_sma[10]_maxPos numeric
215,@attribute mfcc_sma[10]_minPos numeric
216,@attribute mfcc_sma[10]_amean numeric
217,@attribute mfcc_sma[10]_linregc1 numeric
218,@attribute mfcc_sma[10]_linregc2 numeric
219,@attribute mfcc_sma[10]_linregerrA numeric
220,@attribute mfcc_sma[10]_linregerrQ numeric
221,@attribute mfcc_sma[10]_stddev numeric
222,@attribute mfcc_sma[10]_skewness numeric
223,@attribute mfcc_sma[10]_kurtosis numeric
224,@attribute mfcc_sma[10]_quartile1 numeric
225,@attribute mfcc_sma[10]_quartile2 numeric
226,@attribute mfcc_sma[10]_quartile3 numeric
227,@attribute mfcc_sma[10]_iqr1-2 numeric
228,@attribute mfcc_sma[10]_iqr2-3 numeric
229,@attribute mfcc_sma[10]_iqr1-3 numeric
230,@attribute mfcc_sma[11]_max numeric
231,@attribute mfcc_sma[11]_min numeric
232,@attribute mfcc_sma[11]_range numeric
233,@attribute mfcc_sma[11]_maxPos numeric
234,@attribute mfcc_sma[11]_minPos numeric
235,@attribute mfcc_sma[11]_amean numeric
236,@attribute mfcc_sma[11]_linregc1 numeric
237,@attribute mfcc_sma[11]_linregc2 numeric
238,@attribute mfcc_sma[11]_linregerrA numeric
239,@attribute mfcc_sma[11]_linregerrQ numeric
240,@attribute mfcc_sma[11]_stddev numeric
241,@attribute mfcc_sma[11]_skewness numeric
242,@attribute mfcc_sma[11]_kurtosis numeric
243,@attribute mfcc_sma[11]_quartile1 numeric
244,@attribute mfcc_sma[11]_quartile2 numeric
245,@attribute mfcc_sma[11]_quartile3 numeric
246,@attribute mfcc_sma[11]_iqr1-2 numeric
247,@attribute mfcc_sma[11]_iqr2-3 numeric
248,@attribute mfcc_sma[11]_iqr1-3 numeric
249,@attribute mfcc_sma[12]_max numeric
250,@attribute mfcc_sma[12]_min numeric
251,@attribute mfcc_sma[12]_range numeric
252,@attribute mfcc_sma[12]_maxPos numeric
253,@attribute mfcc_sma[12]_minPos numeric
254,@attribute mfcc_sma[12]_amean numeric
255,@attribute mfcc_sma[12]_linregc1 numeric
256,@attribute mfcc_sma[12]_linregc2 numeric
257,@attribute mfcc_sma[12]_linregerrA numeric
258,@attribute mfcc_sma[12]_linregerrQ numeric
259,@attribute mfcc_sma[12]_stddev numeric
260,@attribute mfcc_sma[12]_skewness numeric
261,@attribute mfcc_sma[12]_kurtosis numeric
262,@attribute mfcc_sma[12]_quartile1 numeric
263,@attribute mfcc_sma[12]_quartile2 numeric
264,@attribute mfcc_sma[12]_quartile3 numeric
265,@attribute mfcc_sma[12]_iqr1-2 numeric
266,@attribute mfcc_sma[12]_iqr2-3 numeric
267,@attribute mfcc_sma[12]_iqr1-3 numeric
268,@attribute lspFreq_sma[0]_max numeric
269,@attribute lspFreq_sma[0]_min numeric
270,@attribute lspFreq_sma[0]_range numeric
271,@attribute lspFreq_sma[0]_maxPos numeric
272,@attribute lspFreq_sma[0]_minPos numeric
273,@attribute lspFreq_sma[0]_amean numeric
274,@attribute lspFreq_sma[0]_linregc1 numeric
275,@attribute lspFreq_sma[0]_linregc2 numeric
276,@attribute lspFreq_sma[0]_linregerrA numeric
277,@attribute lspFreq_sma[0]_linregerrQ numeric
278,@attribute lspFreq_sma[0]_stddev numeric
279,@attribute lspFreq_sma[0]_skewness numeric
280,@attribute lspFreq_sma[0]_kurtosis numeric
281,@attribute lspFreq_sma[0]_quartile1 numeric
282,@attribute lspFreq_sma[0]_quartile2 numeric
283,@attribute lspFreq_sma[0]_quartile3 numeric
284,@attribute lspFreq_sma[0]_iqr1-2 numeric
285,@attribute lspFreq_sma[0]_iqr2-3 numeric
286,@attribute lspFreq_sma[0]_iqr1-3 numeric
287,@attribute lspFreq_sma[1]_max numeric
288,@attribute lspFreq_sma[1]_min numeric
289,@attribute lspFreq_sma[1]_range numeric
290,@attribute lspFreq_sma[1]_maxPos numeric
291,@attribute lspFreq_sma[1]_minPos numeric
292,@attribute lspFreq_sma[1]_amean numeric
293,@attribute lspFreq_sma[1]_linregc1 numeric
294,@attribute lspFreq_sma[1]_linregc2 numeric
295,@attribute lspFreq_sma[1]_linregerrA numeric
296,@attribute lspFreq_sma[1]_linregerrQ numeric
297,@attribute lspFreq_sma[1]_stddev numeric
298,@attribute lspFreq_sma[1]_skewness numeric
299,@attribute lspFreq_sma[1]_kurtosis numeric
300,@attribute lspFreq_sma[1]_quartile1 numeric
301,@attribute lspFreq_sma[1]_quartile2 numeric
302,@attribute lspFreq_sma[1]_quartile3 numeric
303,@attribute lspFreq_sma[1]_iqr1-2 numeric
304,@attribute lspFreq_sma[1]_iqr2-3 numeric
305,@attribute lspFreq_sma[1]_iqr1-3 numeric
306,@attribute lspFreq_sma[2]_max numeric
307,@attribute lspFreq_sma[2]_min numeric
308,@attribute lspFreq_sma[2]_range numeric
309,@attribute lspFreq_sma[2]_maxPos numeric
310,@attribute lspFreq_sma[2]_minPos numeric
311,@attribute lspFreq_sma[2]_amean numeric
312,@attribute lspFreq_sma[2]_linregc1 numeric
313,@attribute lspFreq_sma[2]_linregc2 numeric
314,@attribute lspFreq_sma[2]_linregerrA numeric
315,@attribute lspFreq_sma[2]_linregerrQ numeric
316,@attribute lspFreq_sma[2]_stddev numeric
317,@attribute lspFreq_sma[2]_skewness numeric
318,@attribute lspFreq_sma[2]_kurtosis numeric
319,@attribute lspFreq_sma[2]_quartile1 numeric
320,@attribute lspFreq_sma[2]_quartile2 numeric
321,@attribute lspFreq_sma[2]_quartile3 numeric
322,@attribute lspFreq_sma[2]_iqr1-2 numeric
323,@attribute lspFreq_sma[2]_iqr2-3 numeric
324,@attribute lspFreq_sma[2]_iqr1-3 numeric
325,@attribute lspFreq_sma[3]_max numeric
326,@attribute lspFreq_sma[3]_min numeric
327,@attribute lspFreq_sma[3]_range numeric
328,@attribute lspFreq_sma[3]_maxPos numeric
329,@attribute lspFreq_sma[3]_minPos numeric
330,@attribute lspFreq_sma[3]_amean numeric
331,@attribute lspFreq_sma[3]_linregc1 numeric
332,@attribute lspFreq_sma[3]_linregc2 numeric
333,@attribute lspFreq_sma[3]_linregerrA numeric
334,@attribute lspFreq_sma[3]_linregerrQ numeric
335,@attribute lspFreq_sma[3]_stddev numeric
336,@attribute lspFreq_sma[3]_skewness numeric
337,@attribute lspFreq_sma[3]_kurtosis numeric
338,@attribute lspFreq_sma[3]_quartile1 numeric
339,@attribute lspFreq_sma[3]_quartile2 numeric
340,@attribute lspFreq_sma[3]_quartile3 numeric
341,@attribute lspFreq_sma[3]_iqr1-2 numeric
342,@attribute lspFreq_sma[3]_iqr2-3 numeric
343,@attribute lspFreq_sma[3]_iqr1-3 numeric
344,@attribute lspFreq_sma[4]_max numeric
345,@attribute lspFreq_sma[4]_min numeric
346,@attribute lspFreq_sma[4]_range numeric
347,@attribute lspFreq_sma[4]_maxPos numeric
348,@attribute lspFreq_sma[4]_minPos numeric
349,@attribute lspFreq_sma[4]_amean numeric
350,@attribute lspFreq_sma[4]_linregc1 numeric
351,@attribute lspFreq_sma[4]_linregc2 numeric
352,@attribute lspFreq_sma[4]_linregerrA numeric
353,@attribute lspFreq_sma[4]_linregerrQ numeric
354,@attribute lspFreq_sma[4]_stddev numeric
355,@attribute lspFreq_sma[4]_skewness numeric
356,@attribute lspFreq_sma[4]_kurtosis numeric
357,@attribute lspFreq_sma[4]_quartile1 numeric
358,@attribute lspFreq_sma[4]_quartile2 numeric
359,@attribute lspFreq_sma[4]_quartile3 numeric
360,@attribute lspFreq_sma[4]_iqr1-2 numeric
361,@attribute lspFreq_sma[4]_iqr2-3 numeric
362,@attribute lspFreq_sma[4]_iqr1-3 numeric
363,@attribute lspFreq_sma[5]_max numeric
364,@attribute lspFreq_sma[5]_min numeric
365,@attribute lspFreq_sma[5]_range numeric
366,@attribute lspFreq_sma[5]_maxPos numeric
367,@attribute lspFreq_sma[5]_minPos numeric
368,@attribute lspFreq_sma[5]_amean numeric
369,@attribute lspFreq_sma[5]_linregc1 numeric
370,@attribute lspFreq_sma[5]_linregc2 numeric
371,@attribute lspFreq_sma[5]_linregerrA numeric
372,@attribute lspFreq_sma[5]_linregerrQ numeric
373,@attribute lspFreq_sma[5]_stddev numeric
374,@attribute lspFreq_sma[5]_skewness numeric
375,@attribute lspFreq_sma[5]_kurtosis numeric
376,@attribute lspFreq_sma[5]_quartile1 numeric
377,@attribute lspFreq_sma[5]_quartile2 numeric
378,@attribute lspFreq_sma[5]_quartile3 numeric
379,@attribute lspFreq_sma[5]_iqr1-2 numeric
380,@attribute lspFreq_sma[5]_iqr2-3 numeric
381,@attribute lspFreq_sma[5]_iqr1-3 numeric
382,@attribute lspFreq_sma[6]_max numeric
383,@attribute lspFreq_sma[6]_min numeric
384,@attribute lspFreq_sma[6]_range numeric
385,@attribute lspFreq_sma[6]_maxPos numeric
386,@attribute lspFreq_sma[6]_minPos numeric
387,@attribute lspFreq_sma[6]_amean numeric
388,@attribute lspFreq_sma[6]_linregc1 numeric
389,@attribute lspFreq_sma[6]_linregc2 numeric
390,@attribute lspFreq_sma[6]_linregerrA numeric
391,@attribute lspFreq_sma[6]_linregerrQ numeric
392,@attribute lspFreq_sma[6]_stddev numeric
393,@attribute lspFreq_sma[6]_skewness numeric
394,@attribute lspFreq_sma[6]_kurtosis numeric
395,@attribute lspFreq_sma[6]_quartile1 numeric
396,@attribute lspFreq_sma[6]_quartile2 numeric
397,@attribute lspFreq_sma[6]_quartile3 numeric
398,@attribute lspFreq_sma[6]_iqr1-2 numeric
399,@attribute lspFreq_sma[6]_iqr2-3 numeric
400,@attribute lspFreq_sma[6]_iqr1-3 numeric
401,@attribute lspFreq_sma[7]_max numeric
402,@attribute lspFreq_sma[7]_min numeric
403,@attribute lspFreq_sma[7]_range numeric
404,@attribute lspFreq_sma[7]_maxPos numeric
405,@attribute lspFreq_sma[7]_minPos numeric
406,@attribute lspFreq_sma[7]_amean numeric
407,@attribute lspFreq_sma[7]_linregc1 numeric
408,@attribute lspFreq_sma[7]_linregc2 numeric
409,@attribute lspFreq_sma[7]_linregerrA numeric
410,@attribute lspFreq_sma[7]_linregerrQ numeric
411,@attribute lspFreq_sma[7]_stddev numeric
412,@attribute lspFreq_sma[7]_skewness numeric
413,@attribute lspFreq_sma[7]_kurtosis numeric
414,@attribute lspFreq_sma[7]_quartile1 numeric
415,@attribute lspFreq_sma[7]_quartile2 numeric
416,@attribute lspFreq_sma[7]_quartile3 numeric
417,@attribute lspFreq_sma[7]_iqr1-2 numeric
418,@attribute lspFreq_sma[7]_iqr2-3 numeric
419,@attribute lspFreq_sma[7]_iqr1-3 numeric
420,@attribute pcm_zcr_sma_max numeric
421,@attribute pcm_zcr_sma_min numeric
422,@attribute pcm_zcr_sma_range numeric
423,@attribute pcm_zcr_sma_maxPos numeric
424,@attribute pcm_zcr_sma_minPos numeric
425,@attribute pcm_zcr_sma_amean numeric
426,@attribute pcm_zcr_sma_linregc1 numeric
427,@attribute pcm_zcr_sma_linregc2 numeric
428,@attribute pcm_zcr_sma_linregerrA numeric
429,@attribute pcm_zcr_sma_linregerrQ numeric
430,@attribute pcm_zcr_sma_stddev numeric
431,@attribute pcm_zcr_sma_skewness numeric
432,@attribute pcm_zcr_sma_kurtosis numeric
433,@attribute pcm_zcr_sma_quartile1 numeric
434,@attribute pcm_zcr_sma_quartile2 numeric
435,@attribute pcm_zcr_sma_quartile3 numeric
436,@attribute pcm_zcr_sma_iqr1-2 numeric
437,@attribute pcm_zcr_sma_iqr2-3 numeric
438,@attribute pcm_zcr_sma_iqr1-3 numeric
439,@attribute voiceProb_sma_max numeric
440,@attribute voiceProb_sma_min numeric
441,@attribute voiceProb_sma_range numeric
442,@attribute voiceProb_sma_maxPos numeric
443,@attribute voiceProb_sma_minPos numeric
444,@attribute voiceProb_sma_amean numeric
445,@attribute voiceProb_sma_linregc1 numeric
446,@attribute voiceProb_sma_linregc2 numeric
447,@attribute voiceProb_sma_linregerrA numeric
448,@attribute voiceProb_sma_linregerrQ numeric
449,@attribute voiceProb_sma_stddev numeric
450,@attribute voiceProb_sma_skewness numeric
451,@attribute voiceProb_sma_kurtosis numeric
452,@attribute voiceProb_sma_quartile1 numeric
453,@attribute voiceProb_sma_quartile2 numeric
454,@attribute voiceProb_sma_quartile3 numeric
455,@attribute voiceProb_sma_iqr1-2 numeric
456,@attribute voiceProb_sma_iqr2-3 numeric
457,@attribute voiceProb_sma_iqr1-3 numeric
458,@attribute F0_sma_max numeric
459,@attribute F0_sma_min numeric
460,@attribute F0_sma_range numeric
461,@attribute F0_sma_maxPos numeric
462,@attribute F0_sma_minPos numeric
463,@attribute F0_sma_amean numeric
464,@attribute F0_sma_linregc1 numeric
465,@attribute F0_sma_linregc2 numeric
466,@attribute F0_sma_linregerrA numeric
467,@attribute F0_sma_linregerrQ numeric
468,@attribute F0_sma_stddev numeric
469,@attribute F0_sma_skewness numeric
470,@attribute F0_sma_kurtosis numeric
471,@attribute F0_sma_quartile1 numeric
472,@attribute F0_sma_quartile2 numeric
473,@attribute F0_sma_quartile3 numeric
474,@attribute F0_sma_iqr1-2 numeric
475,@attribute F0_sma_iqr2-3 numeric
476,@attribute F0_sma_iqr1-3 numeric
477,@attribute F0env_sma_max numeric
478,@attribute F0env_sma_min numeric
479,@attribute F0env_sma_range numeric
480,@attribute F0env_sma_maxPos numeric
481,@attribute F0env_sma_minPos numeric
482,@attribute F0env_sma_amean numeric
483,@attribute F0env_sma_linregc1 numeric
484,@attribute F0env_sma_linregc2 numeric
485,@attribute F0env_sma_linregerrA numeric
486,@attribute F0env_sma_linregerrQ numeric
487,@attribute F0env_sma_stddev numeric
488,@attribute F0env_sma_skewness numeric
489,@attribute F0env_sma_kurtosis numeric
490,@attribute F0env_sma_quartile1 numeric
491,@attribute F0env_sma_quartile2 numeric
492,@attribute F0env_sma_quartile3 numeric
493,@attribute F0env_sma_iqr1-2 numeric
494,@attribute F0env_sma_iqr2-3 numeric
495,@attribute F0env_sma_iqr1-3 numeric
496,@attribute pcm_intensity_sma_de_max numeric
497,@attribute pcm_intensity_sma_de_min numeric
498,@attribute pcm_intensity_sma_de_range numeric
499,@attribute pcm_intensity_sma_de_maxPos numeric
500,@attribute pcm_intensity_sma_de_minPos numeric
501,@attribute pcm_intensity_sma_de_amean numeric
502,@attribute pcm_intensity_sma_de_linregc1 numeric
503,@attribute pcm_intensity_sma_de_linregc2 numeric
504,@attribute pcm_intensity_sma_de_linregerrA numeric
505,@attribute pcm_intensity_sma_de_linregerrQ numeric
506,@attribute pcm_intensity_sma_de_stddev numeric
507,@attribute pcm_intensity_sma_de_skewness numeric
508,@attribute pcm_intensity_sma_de_kurtosis numeric
509,@attribute pcm_intensity_sma_de_quartile1 numeric
510,@attribute pcm_intensity_sma_de_quartile2 numeric
511,@attribute pcm_intensity_sma_de_quartile3 numeric
512,@attribute pcm_intensity_sma_de_iqr1-2 numeric
513,@attribute pcm_intensity_sma_de_iqr2-3 numeric
514,@attribute pcm_intensity_sma_de_iqr1-3 numeric
515,@attribute pcm_loudness_sma_de_max numeric
516,@attribute pcm_loudness_sma_de_min numeric
517,@attribute pcm_loudness_sma_de_range numeric
518,@attribute pcm_loudness_sma_de_maxPos numeric
519,@attribute pcm_loudness_sma_de_minPos numeric
520,@attribute pcm_loudness_sma_de_amean numeric
521,@attribute pcm_loudness_sma_de_linregc1 numeric
522,@attribute pcm_loudness_sma_de_linregc2 numeric
523,@attribute pcm_loudness_sma_de_linregerrA numeric
524,@attribute pcm_loudness_sma_de_linregerrQ numeric
525,@attribute pcm_loudness_sma_de_stddev numeric
526,@attribute pcm_loudness_sma_de_skewness numeric
527,@attribute pcm_loudness_sma_de_kurtosis numeric
528,@attribute pcm_loudness_sma_de_quartile1 numeric
529,@attribute pcm_loudness_sma_de_quartile2 numeric
530,@attribute pcm_loudness_sma_de_quartile3 numeric
531,@attribute pcm_loudness_sma_de_iqr1-2 numeric
532,@attribute pcm_loudness_sma_de_iqr2-3 numeric
533,@attribute pcm_loudness_sma_de_iqr1-3 numeric
534,@attribute mfcc_sma_de[1]_max numeric
535,@attribute mfcc_sma_de[1]_min numeric
536,@attribute mfcc_sma_de[1]_range numeric
537,@attribute mfcc_sma_de[1]_maxPos numeric
538,@attribute mfcc_sma_de[1]_minPos numeric
539,@attribute mfcc_sma_de[1]_amean numeric
540,@attribute mfcc_sma_de[1]_linregc1 numeric
541,@attribute mfcc_sma_de[1]_linregc2 numeric
542,@attribute mfcc_sma_de[1]_linregerrA numeric
543,@attribute mfcc_sma_de[1]_linregerrQ numeric
544,@attribute mfcc_sma_de[1]_stddev numeric
545,@attribute mfcc_sma_de[1]_skewness numeric
546,@attribute mfcc_sma_de[1]_kurtosis numeric
547,@attribute mfcc_sma_de[1]_quartile1 numeric
548,@attribute mfcc_sma_de[1]_quartile2 numeric
549,@attribute mfcc_sma_de[1]_quartile3 numeric
550,@attribute mfcc_sma_de[1]_iqr1-2 numeric
551,@attribute mfcc_sma_de[1]_iqr2-3 numeric
552,@attribute mfcc_sma_de[1]_iqr1-3 numeric
553,@attribute mfcc_sma_de[2]_max numeric
554,@attribute mfcc_sma_de[2]_min numeric
555,@attribute mfcc_sma_de[2]_range numeric
556,@attribute mfcc_sma_de[2]_maxPos numeric
557,@attribute mfcc_sma_de[2]_minPos numeric
558,@attribute mfcc_sma_de[2]_amean numeric
559,@attribute mfcc_sma_de[2]_linregc1 numeric
560,@attribute mfcc_sma_de[2]_linregc2 numeric
561,@attribute mfcc_sma_de[2]_linregerrA numeric
562,@attribute mfcc_sma_de[2]_linregerrQ numeric
563,@attribute mfcc_sma_de[2]_stddev numeric
564,@attribute mfcc_sma_de[2]_skewness numeric
565,@attribute mfcc_sma_de[2]_kurtosis numeric
566,@attribute mfcc_sma_de[2]_quartile1 numeric
567,@attribute mfcc_sma_de[2]_quartile2 numeric
568,@attribute mfcc_sma_de[2]_quartile3 numeric
569,@attribute mfcc_sma_de[2]_iqr1-2 numeric
570,@attribute mfcc_sma_de[2]_iqr2-3 numeric
571,@attribute mfcc_sma_de[2]_iqr1-3 numeric
572,@attribute mfcc_sma_de[3]_max numeric
573,@attribute mfcc_sma_de[3]_min numeric
574,@attribute mfcc_sma_de[3]_range numeric
575,@attribute mfcc_sma_de[3]_maxPos numeric
576,@attribute mfcc_sma_de[3]_minPos numeric
577,@attribute mfcc_sma_de[3]_amean numeric
578,@attribute mfcc_sma_de[3]_linregc1 numeric
579,@attribute mfcc_sma_de[3]_linregc2 numeric
580,@attribute mfcc_sma_de[3]_linregerrA numeric
581,@attribute mfcc_sma_de[3]_linregerrQ numeric
582,@attribute mfcc_sma_de[3]_stddev numeric
583,@attribute mfcc_sma_de[3]_skewness numeric
584,@attribute mfcc_sma_de[3]_kurtosis numeric
585,@attribute mfcc_sma_de[3]_quartile1 numeric
586,@attribute mfcc_sma_de[3]_quartile2 numeric
587,@attribute mfcc_sma_de[3]_quartile3 numeric
588,@attribute mfcc_sma_de[3]_iqr1-2 numeric
589,@attribute mfcc_sma_de[3]_iqr2-3 numeric
590,@attribute mfcc_sma_de[3]_iqr1-3 numeric
591,@attribute mfcc_sma_de[4]_max numeric
592,@attribute mfcc_sma_de[4]_min numeric
593,@attribute mfcc_sma_de[4]_range numeric
594,@attribute mfcc_sma_de[4]_maxPos numeric
595,@attribute mfcc_sma_de[4]_minPos numeric
596,@attribute mfcc_sma_de[4]_amean numeric
597,@attribute mfcc_sma_de[4]_linregc1 numeric
598,@attribute mfcc_sma_de[4]_linregc2 numeric
599,@attribute mfcc_sma_de[4]_linregerrA numeric
600,@attribute mfcc_sma_de[4]_linregerrQ numeric
601,@attribute mfcc_sma_de[4]_stddev numeric
602,@attribute mfcc_sma_de[4]_skewness numeric
603,@attribute mfcc_sma_de[4]_kurtosis numeric
604,@attribute mfcc_sma_de[4]_quartile1 numeric
605,@attribute mfcc_sma_de[4]_quartile2 numeric
606,@attribute mfcc_sma_de[4]_quartile3 numeric
607,@attribute mfcc_sma_de[4]_iqr1-2 numeric
608,@attribute mfcc_sma_de[4]_iqr2-3 numeric
609,@attribute mfcc_sma_de[4]_iqr1-3 numeric
610,@attribute mfcc_sma_de[5]_max numeric
611,@attribute mfcc_sma_de[5]_min numeric
612,@attribute mfcc_sma_de[5]_range numeric
613,@attribute mfcc_sma_de[5]_maxPos numeric
614,@attribute mfcc_sma_de[5]_minPos numeric
615,@attribute mfcc_sma_de[5]_amean numeric
616,@attribute mfcc_sma_de[5]_linregc1 numeric
617,@attribute mfcc_sma_de[5]_linregc2 numeric
618,@attribute mfcc_sma_de[5]_linregerrA numeric
619,@attribute mfcc_sma_de[5]_linregerrQ numeric
620,@attribute mfcc_sma_de[5]_stddev numeric
621,@attribute mfcc_sma_de[5]_skewness numeric
622,@attribute mfcc_sma_de[5]_kurtosis numeric
623,@attribute mfcc_sma_de[5]_quartile1 numeric
624,@attribute mfcc_sma_de[5]_quartile2 numeric
625,@attribute mfcc_sma_de[5]_quartile3 numeric
626,@attribute mfcc_sma_de[5]_iqr1-2 numeric
627,@attribute mfcc_sma_de[5]_iqr2-3 numeric
628,@attribute mfcc_sma_de[5]_iqr1-3 numeric
629,@attribute mfcc_sma_de[6]_max numeric
630,@attribute mfcc_sma_de[6]_min numeric
631,@attribute mfcc_sma_de[6]_range numeric
632,@attribute mfcc_sma_de[6]_maxPos numeric
633,@attribute mfcc_sma_de[6]_minPos numeric
634,@attribute mfcc_sma_de[6]_amean numeric
635,@attribute mfcc_sma_de[6]_linregc1 numeric
636,@attribute mfcc_sma_de[6]_linregc2 numeric
637,@attribute mfcc_sma_de[6]_linregerrA numeric
638,@attribute mfcc_sma_de[6]_linregerrQ numeric
639,@attribute mfcc_sma_de[6]_stddev numeric
640,@attribute mfcc_sma_de[6]_skewness numeric
641,@attribute mfcc_sma_de[6]_kurtosis numeric
642,@attribute mfcc_sma_de[6]_quartile1 numeric
643,@attribute mfcc_sma_de[6]_quartile2 numeric
644,@attribute mfcc_sma_de[6]_quartile3 numeric
645,@attribute mfcc_sma_de[6]_iqr1-2 numeric
646,@attribute mfcc_sma_de[6]_iqr2-3 numeric
647,@attribute mfcc_sma_de[6]_iqr1-3 numeric
648,@attribute mfcc_sma_de[7]_max numeric
649,@attribute mfcc_sma_de[7]_min numeric
650,@attribute mfcc_sma_de[7]_range numeric
651,@attribute mfcc_sma_de[7]_maxPos numeric
652,@attribute mfcc_sma_de[7]_minPos numeric
653,@attribute mfcc_sma_de[7]_amean numeric
654,@attribute mfcc_sma_de[7]_linregc1 numeric
655,@attribute mfcc_sma_de[7]_linregc2 numeric
656,@attribute mfcc_sma_de[7]_linregerrA numeric
657,@attribute mfcc_sma_de[7]_linregerrQ numeric
658,@attribute mfcc_sma_de[7]_stddev numeric
659,@attribute mfcc_sma_de[7]_skewness numeric
660,@attribute mfcc_sma_de[7]_kurtosis numeric
661,@attribute mfcc_sma_de[7]_quartile1 numeric
662,@attribute mfcc_sma_de[7]_quartile2 numeric
663,@attribute mfcc_sma_de[7]_quartile3 numeric
664,@attribute mfcc_sma_de[7]_iqr1-2 numeric
665,@attribute mfcc_sma_de[7]_iqr2-3 numeric
666,@attribute mfcc_sma_de[7]_iqr1-3 numeric
667,@attribute mfcc_sma_de[8]_max numeric
668,@attribute mfcc_sma_de[8]_min numeric
669,@attribute mfcc_sma_de[8]_range numeric
670,@attribute mfcc_sma_de[8]_maxPos numeric
671,@attribute mfcc_sma_de[8]_minPos numeric
672,@attribute mfcc_sma_de[8]_amean numeric
673,@attribute mfcc_sma_de[8]_linregc1 numeric
674,@attribute mfcc_sma_de[8]_linregc2 numeric
675,@attribute mfcc_sma_de[8]_linregerrA numeric
676,@attribute mfcc_sma_de[8]_linregerrQ numeric
677,@attribute mfcc_sma_de[8]_stddev numeric
678,@attribute mfcc_sma_de[8]_skewness numeric
679,@attribute mfcc_sma_de[8]_kurtosis numeric
680,@attribute mfcc_sma_de[8]_quartile1 numeric
681,@attribute mfcc_sma_de[8]_quartile2 numeric
682,@attribute mfcc_sma_de[8]_quartile3 numeric
683,@attribute mfcc_sma_de[8]_iqr1-2 numeric
684,@attribute mfcc_sma_de[8]_iqr2-3 numeric
685,@attribute mfcc_sma_de[8]_iqr1-3 numeric
686,@attribute mfcc_sma_de[9]_max numeric
687,@attribute mfcc_sma_de[9]_min numeric
688,@attribute mfcc_sma_de[9]_range numeric
689,@attribute mfcc_sma_de[9]_maxPos numeric
690,@attribute mfcc_sma_de[9]_minPos numeric
691,@attribute mfcc_sma_de[9]_amean numeric
692,@attribute mfcc_sma_de[9]_linregc1 numeric
693,@attribute mfcc_sma_de[9]_linregc2 numeric
694,@attribute mfcc_sma_de[9]_linregerrA numeric
695,@attribute mfcc_sma_de[9]_linregerrQ numeric
696,@attribute mfcc_sma_de[9]_stddev numeric
697,@attribute mfcc_sma_de[9]_skewness numeric
698,@attribute mfcc_sma_de[9]_kurtosis numeric
699,@attribute mfcc_sma_de[9]_quartile1 numeric
700,@attribute mfcc_sma_de[9]_quartile2 numeric
701,@attribute mfcc_sma_de[9]_quartile3 numeric
702,@attribute mfcc_sma_de[9]_iqr1-2 numeric
703,@attribute mfcc_sma_de[9]_iqr2-3 numeric
704,@attribute mfcc_sma_de[9]_iqr1-3 numeric
705,@attribute mfcc_sma_de[10]_max numeric
706,@attribute mfcc_sma_de[10]_min numeric
707,@attribute mfcc_sma_de[10]_range numeric
708,@attribute mfcc_sma_de[10]_maxPos numeric
709,@attribute mfcc_sma_de[10]_minPos numeric
710,@attribute mfcc_sma_de[10]_amean numeric
711,@attribute mfcc_sma_de[10]_linregc1 numeric
712,@attribute mfcc_sma_de[10]_linregc2 numeric
713,@attribute mfcc_sma_de[10]_linregerrA numeric
714,@attribute mfcc_sma_de[10]_linregerrQ numeric
715,@attribute mfcc_sma_de[10]_stddev numeric
716,@attribute mfcc_sma_de[10]_skewness numeric
717,@attribute mfcc_sma_de[10]_kurtosis numeric
718,@attribute mfcc_sma_de[10]_quartile1 numeric
719,@attribute mfcc_sma_de[10]_quartile2 numeric
720,@attribute mfcc_sma_de[10]_quartile3 numeric
721,@attribute mfcc_sma_de[10]_iqr1-2 numeric
722,@attribute mfcc_sma_de[10]_iqr2-3 numeric
723,@attribute mfcc_sma_de[10]_iqr1-3 numeric
724,@attribute mfcc_sma_de[11]_max numeric
725,@attribute mfcc_sma_de[11]_min numeric
726,@attribute mfcc_sma_de[11]_range numeric
727,@attribute mfcc_sma_de[11]_maxPos numeric
728,@attribute mfcc_sma_de[11]_minPos numeric
729,@attribute mfcc_sma_de[11]_amean numeric
730,@attribute mfcc_sma_de[11]_linregc1 numeric
731,@attribute mfcc_sma_de[11]_linregc2 numeric
732,@attribute mfcc_sma_de[11]_linregerrA numeric
733,@attribute mfcc_sma_de[11]_linregerrQ numeric
734,@attribute mfcc_sma_de[11]_stddev numeric
735,@attribute mfcc_sma_de[11]_skewness numeric
736,@attribute mfcc_sma_de[11]_kurtosis numeric
737,@attribute mfcc_sma_de[11]_quartile1 numeric
738,@attribute mfcc_sma_de[11]_quartile2 numeric
739,@attribute mfcc_sma_de[11]_quartile3 numeric
740,@attribute mfcc_sma_de[11]_iqr1-2 numeric
741,@attribute mfcc_sma_de[11]_iqr2-3 numeric
742,@attribute mfcc_sma_de[11]_iqr1-3 numeric
743,@attribute mfcc_sma_de[12]_max numeric
744,@attribute mfcc_sma_de[12]_min numeric
745,@attribute mfcc_sma_de[12]_range numeric
746,@attribute mfcc_sma_de[12]_maxPos numeric
747,@attribute mfcc_sma_de[12]_minPos numeric
748,@attribute mfcc_sma_de[12]_amean numeric
749,@attribute mfcc_sma_de[12]_linregc1 numeric
750,@attribute mfcc_sma_de[12]_linregc2 numeric
751,@attribute mfcc_sma_de[12]_linregerrA numeric
752,@attribute mfcc_sma_de[12]_linregerrQ numeric
753,@attribute mfcc_sma_de[12]_stddev numeric
754,@attribute mfcc_sma_de[12]_skewness numeric
755,@attribute mfcc_sma_de[12]_kurtosis numeric
756,@attribute mfcc_sma_de[12]_quartile1 numeric
757,@attribute mfcc_sma_de[12]_quartile2 numeric
758,@attribute mfcc_sma_de[12]_quartile3 numeric
759,@attribute mfcc_sma_de[12]_iqr1-2 numeric
760,@attribute mfcc_sma_de[12]_iqr2-3 numeric
761,@attribute mfcc_sma_de[12]_iqr1-3 numeric
762,@attribute lspFreq_sma_de[0]_max numeric
763,@attribute lspFreq_sma_de[0]_min numeric
764,@attribute lspFreq_sma_de[0]_range numeric
765,@attribute lspFreq_sma_de[0]_maxPos numeric
766,@attribute lspFreq_sma_de[0]_minPos numeric
767,@attribute lspFreq_sma_de[0]_amean numeric
768,@attribute lspFreq_sma_de[0]_linregc1 numeric
769,@attribute lspFreq_sma_de[0]_linregc2 numeric
770,@attribute lspFreq_sma_de[0]_linregerrA numeric
771,@attribute lspFreq_sma_de[0]_linregerrQ numeric
772,@attribute lspFreq_sma_de[0]_stddev numeric
773,@attribute lspFreq_sma_de[0]_skewness numeric
774,@attribute lspFreq_sma_de[0]_kurtosis numeric
775,@attribute lspFreq_sma_de[0]_quartile1 numeric
776,@attribute lspFreq_sma_de[0]_quartile2 numeric
777,@attribute lspFreq_sma_de[0]_quartile3 numeric
778,@attribute lspFreq_sma_de[0]_iqr1-2 numeric
779,@attribute lspFreq_sma_de[0]_iqr2-3 numeric
780,@attribute lspFreq_sma_de[0]_iqr1-3 numeric
781,@attribute lspFreq_sma_de[1]_max numeric
782,@attribute lspFreq_sma_de[1]_min numeric
783,@attribute lspFreq_sma_de[1]_range numeric
784,@attribute lspFreq_sma_de[1]_maxPos numeric
785,@attribute lspFreq_sma_de[1]_minPos numeric
786,@attribute lspFreq_sma_de[1]_amean numeric
787,@attribute lspFreq_sma_de[1]_linregc1 numeric
788,@attribute lspFreq_sma_de[1]_linregc2 numeric
789,@attribute lspFreq_sma_de[1]_linregerrA numeric
790,@attribute lspFreq_sma_de[1]_linregerrQ numeric
791,@attribute lspFreq_sma_de[1]_stddev numeric
792,@attribute lspFreq_sma_de[1]_skewness numeric
793,@attribute lspFreq_sma_de[1]_kurtosis numeric
794,@attribute lspFreq_sma_de[1]_quartile1 numeric
795,@attribute lspFreq_sma_de[1]_quartile2 numeric
796,@attribute lspFreq_sma_de[1]_quartile3 numeric
797,@attribute lspFreq_sma_de[1]_iqr1-2 numeric
798,@attribute lspFreq_sma_de[1]_iqr2-3 numeric
799,@attribute lspFreq_sma_de[1]_iqr1-3 numeric
800,@attribute lspFreq_sma_de[2]_max numeric
801,@attribute lspFreq_sma_de[2]_min numeric
802,@attribute lspFreq_sma_de[2]_range numeric
803,@attribute lspFreq_sma_de[2]_maxPos numeric
804,@attribute lspFreq_sma_de[2]_minPos numeric
805,@attribute lspFreq_sma_de[2]_amean numeric
806,@attribute lspFreq_sma_de[2]_linregc1 numeric
807,@attribute lspFreq_sma_de[2]_linregc2 numeric
808,@attribute lspFreq_sma_de[2]_linregerrA numeric
809,@attribute lspFreq_sma_de[2]_linregerrQ numeric
810,@attribute lspFreq_sma_de[2]_stddev numeric
811,@attribute lspFreq_sma_de[2]_skewness numeric
812,@attribute lspFreq_sma_de[2]_kurtosis numeric
813,@attribute lspFreq_sma_de[2]_quartile1 numeric
814,@attribute lspFreq_sma_de[2]_quartile2 numeric
815,@attribute lspFreq_sma_de[2]_quartile3 numeric
816,@attribute lspFreq_sma_de[2]_iqr1-2 numeric
817,@attribute lspFreq_sma_de[2]_iqr2-3 numeric
818,@attribute lspFreq_sma_de[2]_iqr1-3 numeric
819,@attribute lspFreq_sma_de[3]_max numeric
820,@attribute lspFreq_sma_de[3]_min numeric
821,@attribute lspFreq_sma_de[3]_range numeric
822,@attribute lspFreq_sma_de[3]_maxPos numeric
823,@attribute lspFreq_sma_de[3]_minPos numeric
824,@attribute lspFreq_sma_de[3]_amean numeric
825,@attribute lspFreq_sma_de[3]_linregc1 numeric
826,@attribute lspFreq_sma_de[3]_linregc2 numeric
827,@attribute lspFreq_sma_de[3]_linregerrA numeric
828,@attribute lspFreq_sma_de[3]_linregerrQ numeric
829,@attribute lspFreq_sma_de[3]_stddev numeric
830,@attribute lspFreq_sma_de[3]_skewness numeric
831,@attribute lspFreq_sma_de[3]_kurtosis numeric
832,@attribute lspFreq_sma_de[3]_quartile1 numeric
833,@attribute lspFreq_sma_de[3]_quartile2 numeric
834,@attribute lspFreq_sma_de[3]_quartile3 numeric
835,@attribute lspFreq_sma_de[3]_iqr1-2 numeric
836,@attribute lspFreq_sma_de[3]_iqr2-3 numeric
837,@attribute lspFreq_sma_de[3]_iqr1-3 numeric
838,@attribute lspFreq_sma_de[4]_max numeric
839,@attribute lspFreq_sma_de[4]_min numeric
840,@attribute lspFreq_sma_de[4]_range numeric
841,@attribute lspFreq_sma_de[4]_maxPos numeric
842,@attribute lspFreq_sma_de[4]_minPos numeric
843,@attribute lspFreq_sma_de[4]_amean numeric
844,@attribute lspFreq_sma_de[4]_linregc1 numeric
845,@attribute lspFreq_sma_de[4]_linregc2 numeric
846,@attribute lspFreq_sma_de[4]_linregerrA numeric
847,@attribute lspFreq_sma_de[4]_linregerrQ numeric
848,@attribute lspFreq_sma_de[4]_stddev numeric
849,@attribute lspFreq_sma_de[4]_skewness numeric
850,@attribute lspFreq_sma_de[4]_kurtosis numeric
851,@attribute lspFreq_sma_de[4]_quartile1 numeric
852,@attribute lspFreq_sma_de[4]_quartile2 numeric
853,@attribute lspFreq_sma_de[4]_quartile3 numeric
854,@attribute lspFreq_sma_de[4]_iqr1-2 numeric
855,@attribute lspFreq_sma_de[4]_iqr2-3 numeric
856,@attribute lspFreq_sma_de[4]_iqr1-3 numeric
857,@attribute lspFreq_sma_de[5]_max numeric
858,@attribute lspFreq_sma_de[5]_min numeric
859,@attribute lspFreq_sma_de[5]_range numeric
860,@attribute lspFreq_sma_de[5]_maxPos numeric
861,@attribute lspFreq_sma_de[5]_minPos numeric
862,@attribute lspFreq_sma_de[5]_amean numeric
863,@attribute lspFreq_sma_de[5]_linregc1 numeric
864,@attribute lspFreq_sma_de[5]_linregc2 numeric
865,@attribute lspFreq_sma_de[5]_linregerrA numeric
866,@attribute lspFreq_sma_de[5]_linregerrQ numeric
867,@attribute lspFreq_sma_de[5]_stddev numeric
868,@attribute lspFreq_sma_de[5]_skewness numeric
869,@attribute lspFreq_sma_de[5]_kurtosis numeric
870,@attribute lspFreq_sma_de[5]_quartile1 numeric
871,@attribute lspFreq_sma_de[5]_quartile2 numeric
872,@attribute lspFreq_sma_de[5]_quartile3 numeric
873,@attribute lspFreq_sma_de[5]_iqr1-2 numeric
874,@attribute lspFreq_sma_de[5]_iqr2-3 numeric
875,@attribute lspFreq_sma_de[5]_iqr1-3 numeric
876,@attribute lspFreq_sma_de[6]_max numeric
877,@attribute lspFreq_sma_de[6]_min numeric
878,@attribute lspFreq_sma_de[6]_range numeric
879,@attribute lspFreq_sma_de[6]_maxPos numeric
880,@attribute lspFreq_sma_de[6]_minPos numeric
881,@attribute lspFreq_sma_de[6]_amean numeric
882,@attribute lspFreq_sma_de[6]_linregc1 numeric
883,@attribute lspFreq_sma_de[6]_linregc2 numeric
884,@attribute lspFreq_sma_de[6]_linregerrA numeric
885,@attribute lspFreq_sma_de[6]_linregerrQ numeric
886,@attribute lspFreq_sma_de[6]_stddev numeric
887,@attribute lspFreq_sma_de[6]_skewness numeric
888,@attribute lspFreq_sma_de[6]_kurtosis numeric
889,@attribute lspFreq_sma_de[6]_quartile1 numeric
890,@attribute lspFreq_sma_de[6]_quartile2 numeric
891,@attribute lspFreq_sma_de[6]_quartile3 numeric
892,@attribute lspFreq_sma_de[6]_iqr1-2 numeric
893,@attribute lspFreq_sma_de[6]_iqr2-3 numeric
894,@attribute lspFreq_sma_de[6]_iqr1-3 numeric
895,@attribute lspFreq_sma_de[7]_max numeric
896,@attribute lspFreq_sma_de[7]_min numeric
897,@attribute lspFreq_sma_de[7]_range numeric
898,@attribute lspFreq_sma_de[7]_maxPos numeric
899,@attribute lspFreq_sma_de[7]_minPos numeric
900,@attribute lspFreq_sma_de[7]_amean numeric
901,@attribute lspFreq_sma_de[7]_linregc1 numeric
902,@attribute lspFreq_sma_de[7]_linregc2 numeric
903,@attribute lspFreq_sma_de[7]_linregerrA numeric
904,@attribute lspFreq_sma_de[7]_linregerrQ numeric
905,@attribute lspFreq_sma_de[7]_stddev numeric
906,@attribute lspFreq_sma_de[7]_skewness numeric
907,@attribute lspFreq_sma_de[7]_kurtosis numeric
908,@attribute lspFreq_sma_de[7]_quartile1 numeric
909,@attribute lspFreq_sma_de[7]_quartile2 numeric
910,@attribute lspFreq_sma_de[7]_quartile3 numeric
911,@attribute lspFreq_sma_de[7]_iqr1-2 numeric
912,@attribute lspFreq_sma_de[7]_iqr2-3 numeric
913,@attribute lspFreq_sma_de[7]_iqr1-3 numeric
914,@attribute pcm_zcr_sma_de_max numeric
915,@attribute pcm_zcr_sma_de_min numeric
916,@attribute pcm_zcr_sma_de_range numeric
917,@attribute pcm_zcr_sma_de_maxPos numeric
918,@attribute pcm_zcr_sma_de_minPos numeric
919,@attribute pcm_zcr_sma_de_amean numeric
920,@attribute pcm_zcr_sma_de_linregc1 numeric
921,@attribute pcm_zcr_sma_de_linregc2 numeric
922,@attribute pcm_zcr_sma_de_linregerrA numeric
923,@attribute pcm_zcr_sma_de_linregerrQ numeric
924,@attribute pcm_zcr_sma_de_stddev numeric
925,@attribute pcm_zcr_sma_de_skewness numeric
926,@attribute pcm_zcr_sma_de_kurtosis numeric
927,@attribute pcm_zcr_sma_de_quartile1 numeric
928,@attribute pcm_zcr_sma_de_quartile2 numeric
929,@attribute pcm_zcr_sma_de_quartile3 numeric
930,@attribute pcm_zcr_sma_de_iqr1-2 numeric
931,@attribute pcm_zcr_sma_de_iqr2-3 numeric
932,@attribute pcm_zcr_sma_de_iqr1-3 numeric
933,@attribute voiceProb_sma_de_max numeric
934,@attribute voiceProb_sma_de_min numeric
935,@attribute voiceProb_sma_de_range numeric
936,@attribute voiceProb_sma_de_maxPos numeric
937,@attribute voiceProb_sma_de_minPos numeric
938,@attribute voiceProb_sma_de_amean numeric
939,@attribute voiceProb_sma_de_linregc1 numeric
940,@attribute voiceProb_sma_de_linregc2 numeric
941,@attribute voiceProb_sma_de_linregerrA numeric
942,@attribute voiceProb_sma_de_linregerrQ numeric
943,@attribute voiceProb_sma_de_stddev numeric
944,@attribute voiceProb_sma_de_skewness numeric
945,@attribute voiceProb_sma_de_kurtosis numeric
946,@attribute voiceProb_sma_de_quartile1 numeric
947,@attribute voiceProb_sma_de_quartile2 numeric
948,@attribute voiceProb_sma_de_quartile3 numeric
949,@attribute voiceProb_sma_de_iqr1-2 numeric
950,@attribute voiceProb_sma_de_iqr2-3 numeric
951,@attribute voiceProb_sma_de_iqr1-3 numeric
952,@attribute F0_sma_de_max numeric
953,@attribute F0_sma_de_min numeric
954,@attribute F0_sma_de_range numeric
955,@attribute F0_sma_de_maxPos numeric
956,@attribute F0_sma_de_minPos numeric
957,@attribute F0_sma_de_amean numeric
958,@attribute F0_sma_de_linregc1 numeric
959,@attribute F0_sma_de_linregc2 numeric
960,@attribute F0_sma_de_linregerrA numeric
961,@attribute F0_sma_de_linregerrQ numeric
962,@attribute F0_sma_de_stddev numeric
963,@attribute F0_sma_de_skewness numeric
964,@attribute F0_sma_de_kurtosis numeric
965,@attribute F0_sma_de_quartile1 numeric
966,@attribute F0_sma_de_quartile2 numeric
967,@attribute F0_sma_de_quartile3 numeric
968,@attribute F0_sma_de_iqr1-2 numeric
969,@attribute F0_sma_de_iqr2-3 numeric
970,@attribute F0_sma_de_iqr1-3 numeric
971,@attribute F0env_sma_de_max numeric
972,@attribute F0env_sma_de_min numeric
973,@attribute F0env_sma_de_range numeric
974,@attribute F0env_sma_de_maxPos numeric
975,@attribute F0env_sma_de_minPos numeric
976,@attribute F0env_sma_de_amean numeric
977,@attribute F0env_sma_de_linregc1 numeric
978,@attribute F0env_sma_de_linregc2 numeric
979,@attribute F0env_sma_de_linregerrA numeric
980,@attribute F0env_sma_de_linregerrQ numeric
981,@attribute F0env_sma_de_stddev numeric
982,@attribute F0env_sma_de_skewness numeric
983,@attribute F0env_sma_de_kurtosis numeric
984,@attribute F0env_sma_de_quartile1 numeric
985,@attribute F0env_sma_de_quartile2 numeric
986,@attribute F0env_sma_de_quartile3 numeric
987,@attribute F0env_sma_de_iqr1-2 numeric
988,@attribute F0env_sma_de_iqr2-3 numeric
989,@attribute F0env_sma_de_iqr1-3 numeric
990,@attribute emotion unknown
991,@data
992,"'liveturn_0',0.012500,6.261699e-07,4.068018e-11,6.261292e-07,1.174500e+04,4.036000e+03,1.084755e-08,1.974560e-15,1.083361e-08,7.156677e-09,2.336766e-16,1.528649e-08,1.943219e+01,6.567133e+02,4.026204e-09,8.062968e-09,1.392622e-08,4.036764e-09,5.863251e-09,9.900015e-09,8.005789e-01,4.396352e-02,7.566154e-01,1.174500e+04,2.440000e+03,2.060449e-01,-3.185154e-07,2.082930e-01,4.772639e-02,3.735259e-03,6.113055e-02,7.008595e-01,5.997905e+00,1.641922e-01,2.029493e-01,2.438701e-01,3.875712e-02,4.092078e-02,7.967789e-02,7.814867e+00,-2.451653e+01,3.233140e+01,6.318000e+03,7.400000e+01,5.897371e-01,2.754870e-05,3.952984e-01,1.488240e+00,5.133362e+00,2.268472e+00,-2.882227e+00,2.193723e+01,-1.697745e-01,9.335755e-01,1.871078e+00,1.103350e+00,9.375021e-01,2.040852e+00,9.283689e+00,-2.271734e+01,3.200103e+01,3.670000e+02,1.174300e+04,-4.033677e+00,2.218045e-05,-4.190226e+00,1.845800e+00,6.160125e+00,2.483605e+00,-1.826377e-01,6.463702e+00,-5.519844e+00,-4.056315e+00,-2.594567e+00,1.463528e+00,1.461748e+00,2.925276e+00,6.964865e+00,-2.250389e+01,2.946876e+01,9.151000e+03,1.176000e+04,-8.036545e+00,9.718453e-06,-8.105138e+00,2.144276e+00,7.599580e+00,2.757018e+00,6.177082e-02,4.102771e+00,-9.814872e+00,-8.049644e+00,-6.282156e+00,1.765228e+00,1.767488e+00,3.532716e+00,1.459605e+01,-2.294901e+01,3.754507e+01,9.150000e+03,9.709000e+03,-3.203547e+00,-1.162434e-05,-3.121503e+00,2.651947e+00,1.131380e+01,3.363933e+00,-2.726937e-02,3.433192e+00,-5.397428e+00,-3.196446e+00,-9.937177e-01,2.200982e+00,2.202729e+00,4.403710e+00,2.090485e+01,-2.691965e+01,4.782449e+01,9.150000e+03,3.186000e+03,-8.891676e-01,-7.507833e-05,-3.592647e-01,2.993098e+00,1.433069e+01,3.797934e+00,-3.262445e-02,3.558211e+00,-3.401735e+00,-8.825882e-01,1.627009e+00,2.519146e+00,2.509598e+00,5.028744e+00,2.650945e+01,-1.403798e+01,4.054744e+01,7.491000e+03,9.303000e+03,2.124246e+00,6.475090e-06,2.078545e+00,3.342247e+00,1.789550e+01,4.230389e+00,9.494982e-02,3.382885e+00,-7.120326e-01,2.116517e+00,4.906916e+00,2.828550e+00,2.790399e+00,5.618949e+00,2.231828e+01,-1.887344e+01,4.119172e+01,9.149000e+03,1.098800e+04,-9.602957e-01,-3.670739e-06,-9.343877e-01,3.627623e+00,2.098903e+01,4.581402e+00,1.573439e-01,3.364877e+00,-4.044648e+00,-1.025327e+00,2.089130e+00,3.019320e+00,3.114458e+00,6.133778e+00,2.630721e+01,-2.484017e+01,5.114738e+01,6.937000e+03,1.176100e+04,9.607756e+00,-1.555390e-05,9.717535e+00,3.749941e+00,2.276047e+01,4.771214e+00,-3.159304e-01,4.240359e+00,6.536486e+00,9.683665e+00,1.281670e+01,3.147179e+00,3.133035e+00,6.280214e+00,2.835678e+01,-1.787840e+01,4.623518e+01,1.265900e+04,9.174000e+03,1.049064e+01,-2.994786e-05,1.070201e+01,3.739003e+00,2.228743e+01,4.722534e+00,-1.665743e-01,3.443712e+00,7.425665e+00,1.062783e+01,1.365873e+01,3.202166e+00,3.030903e+00,6.233069e+00,2.290905e+01,-1.932745e+01,4.223650e+01,1.171700e+04,9.173000e+03,-1.501922e-01,-1.825987e-06,-1.373044e-01,3.805152e+00,2.313535e+01,4.809928e+00,1.325117e-01,3.313884e+00,-3.379604e+00,-2.634613e-01,3.011883e+00,3.116142e+00,3.275345e+00,6.391487e+00,2.354089e+01,-1.459285e+01,3.813375e+01,1.171600e+04,4.152000e+03,1.499711e+00,6.627000e-05,1.031978e+00,3.771101e+00,2.251652e+01,4.752837e+00,2.938956e-02,3.100675e+00,-1.705943e+00,1.541718e+00,4.669094e+00,3.247661e+00,3.127376e+00,6.375036e+00,1.834694e+01,-1.755490e+01,3.590185e+01,7.812000e+03,2.670000e+03,1.248789e+00,5.267616e-05,8.770011e-01,3.535476e+00,1.966959e+01,4.440234e+00,-7.216332e-03,3.046955e+00,-1.711749e+00,1.228486e+00,4.252782e+00,2.940235e+00,3.024297e+00,5.964531e+00,4.896261e-01,8.260924e-02,4.070169e-01,3.670000e+02,9.150000e+03,2.148751e-01,-3.094371e-07,2.170591e-01,1.335409e-02,4.455271e-04,2.114515e-02,3.026479e+00,2.502138e+01,2.037562e-01,2.122731e-01,2.218774e-01,8.516893e-03,9.604231e-03,1.812112e-02,8.274361e-01,3.955661e-01,4.318700e-01,1.280300e+04,1.220700e+04,5.757436e-01,3.421420e-07,5.733288e-01,2.044709e-02,9.291288e-04,3.051349e-02,1.298331e+00,1.037354e+01,5.589268e-01,5.726076e-01,5.870429e-01,1.368082e-02,1.443529e-02,2.811611e-02,1.277347e+00,7.953435e-01,4.820037e-01,1.266600e+04,1.004200e+04,9.938319e-01,6.986630e-07,9.889008e-01,1.669740e-02,6.378731e-04,2.541614e-02,-5.488115e-01,1.384288e+01,9.833415e-01,9.957290e-01,1.007007e+00,1.238745e-02,1.127851e-02,2.366596e-02,1.491809e+00,1.009358e+00,4.824507e-01,1.266600e+04,5.950000e+03,1.367979e+00,6.887640e-07,1.363117e+00,1.832253e-02,9.340640e-04,3.069108e-02,-3.487811e+00,2.350976e+01,1.360958e+00,1.373176e+00,1.383830e+00,1.221800e-02,1.065326e-02,2.287126e-02,1.859654e+00,1.352749e+00,5.069044e-01,1.267100e+04,3.186000e+03,1.730160e+00,5.310103e-07,1.726412e+00,1.903444e-02,1.117955e-03,3.350579e-02,-4.369485e+00,3.248896e+01,1.724758e+00,1.736889e+00,1.746581e+00,1.213109e-02,9.691834e-03,2.182293e-02,2.146966e+00,1.600382e+00,5.465840e-01,8.858000e+03,3.186000e+03,2.062624e+00,4.371698e-07,2.059538e+00,1.809472e-02,1.031217e-03,3.216195e-02,-4.843686e+00,4.187445e+01,2.057360e+00,2.068953e+00,2.078206e+00,1.159263e-02,9.253025e-03,2.084565e-02,2.457267e+00,2.040939e+00,4.163284e-01,4.806000e+03,3.186000e+03,2.403509e+00,2.183418e-07,2.401968e+00,1.399279e-02,5.856286e-04,2.421612e-02,-4.610909e+00,4.122160e+01,2.398038e+00,2.407576e+00,2.415701e+00,9.537697e-03,8.125305e-03,1.766300e-02,2.751330e+00,2.416146e+00,3.351839e-01,2.004000e+03,1.176000e+04,2.689022e+00,2.814208e-07,2.687036e+00,1.142981e-02,3.447668e-04,1.860329e-02,-3.999507e+00,3.595239e+01,2.682735e+00,2.691302e+00,2.698969e+00,8.566856e-03,7.666349e-03,1.623321e-02,1.405258e-01,4.533092e-03,1.359927e-01,4.077000e+03,9.151000e+03,3.301644e-02,-1.059322e-07,3.376411e-02,6.757914e-03,8.048080e-05,8.981490e-03,1.397619e+00,1.348309e+01,2.689634e-02,3.263826e-02,3.807797e-02,5.741915e-03,5.439710e-03,1.118162e-02,7.536671e-01,1.498825e-01,6.037846e-01,8.821000e+03,0.000000e+00,3.919780e-01,2.300981e-07,3.903539e-01,7.234246e-02,8.124550e-03,9.014116e-02,5.804340e-01,3.073846e+00,3.250663e-01,3.813549e-01,4.478265e-01,5.628857e-02,6.647158e-02,1.227601e-01,4.719952e+02,0.000000e+00,4.719952e+02,1.212100e+04,0.000000e+00,2.754418e+01,2.046927e-04,2.609945e+01,4.803884e+01,6.172758e+03,7.857133e+01,2.960286e+00,1.109966e+01,0.000000e+00,0.000000e+00,0.000000e+00,0.000000e+00,0.000000e+00,0.000000e+00,4.482754e+02,0.000000e+00,4.482754e+02,1.212300e+04,0.000000e+00,3.796976e+02,-3.009687e-04,3.818218e+02,2.630123e+01,1.154085e+03,3.399397e+01,-1.203270e+00,1.018886e+01,3.579591e+02,3.826033e+02,4.031237e+02,2.464423e+01,2.052039e+01,4.516461e+01,1.836347e-07,-1.741613e-07,3.577960e-07,1.174300e+04,1.174600e+04,-2.240834e-12,1.479128e-15,-1.268052e-11,2.530604e-09,3.163045e-17,5.624099e-09,6.501794e-01,3.951413e+02,-1.626724e-09,-2.481313e-11,1.609690e-09,1.601911e-09,1.634504e-09,3.236415e-09,1.777805e-01,-1.565216e-01,3.343021e-01,1.174300e+04,1.174700e+04,-8.783270e-06,8.013211e-09,-6.534051e-05,1.753560e-02,4.982519e-04,2.232158e-02,9.276599e-02,4.393017e+00,-1.460075e-02,-9.212047e-05,1.453081e-02,1.450863e-02,1.462293e-02,2.913155e-02,3.983794e+00,-6.612032e+00,1.059583e+01,9.686000e+03,7.200000e+01,-4.922629e-05,1.152055e-07,-8.623467e-04,4.376379e-01,3.858537e-01,6.211714e-01,-5.599497e-01,1.211364e+01,-3.349824e-01,6.072617e-03,3.400934e-01,3.410550e-01,3.340208e-01,6.750758e-01,4.513217e+00,-6.106370e+00,1.061959e+01,5.952000e+03,1.180100e+04,-4.662053e-05,1.015707e-07,-7.635065e-04,6.156937e-01,6.485756e-01,8.053420e-01,-1.471719e-01,5.813948e+00,-5.129911e-01,-2.195549e-03,5.018805e-01,5.107956e-01,5.040760e-01,1.014872e+00,6.150434e+00,-4.137526e+00,1.028796e+01,9.261000e+03,1.175800e+04,-1.866988e-04,1.384412e-07,-1.163817e-03,7.557082e-01,9.342014e-01,9.665411e-01,1.243357e-01,3.963941e+00,-6.235918e-01,-4.199648e-03,6.195071e-01,6.193922e-01,6.237068e-01,1.243099e+00,5.370242e+00,-5.715569e+00,1.108581e+01,9.711000e+03,9.707000e+03,-3.364050e-05,3.431184e-08,-2.758135e-04,9.419305e-01,1.410288e+00,1.187556e+00,2.957958e-02,3.161944e+00,-7.950970e-01,5.302238e-03,7.957776e-01,8.003992e-01,7.904754e-01,1.590875e+00,5.053149e+00,-7.835752e+00,1.288890e+01,9.147000e+03,3.184000e+03,-9.620517e-04,2.090089e-07,-2.437236e-03,1.059479e+00,1.770645e+00,1.330656e+00,-3.275276e-03,3.198577e+00,-9.072331e-01,-1.106772e-02,8.833491e-01,8.961653e-01,8.944169e-01,1.790582e+00,7.080708e+00,-6.009909e+00,1.309062e+01,7.489000e+03,7.100000e+01,-6.117101e-04,1.189881e-07,-1.451528e-03,1.191602e+00,2.257732e+00,1.502575e+00,1.561813e-03,3.178108e+00,-9.993173e-01,2.042961e-03,1.010661e+00,1.001360e+00,1.008618e+00,2.009978e+00,7.058715e+00,-6.745794e+00,1.380451e+01,9.682000e+03,1.180000e+04,-1.751616e-04,-2.052395e-07,1.273419e-03,1.287537e+00,2.624971e+00,1.620176e+00,-1.555070e-02,3.165200e+00,-1.070657e+00,7.164300e-04,1.085724e+00,1.071373e+00,1.085008e+00,2.156381e+00,6.933843e+00,-9.546812e+00,1.648066e+01,1.176400e+04,1.175900e+04,-6.922485e-04,1.528850e-07,-1.771311e-03,1.348192e+00,2.925795e+00,1.710496e+00,-4.416961e-02,3.429908e+00,-1.131816e+00,5.078697e-03,1.132645e+00,1.136894e+00,1.127567e+00,2.264461e+00,6.995799e+00,-8.467958e+00,1.546376e+01,9.176000e+03,9.172000e+03,-9.424090e-04,4.215196e-07,-3.917495e-03,1.365334e+00,2.954322e+00,1.718815e+00,-2.912160e-02,3.110953e+00,-1.148698e+00,1.592970e-03,1.157157e+00,1.150291e+00,1.155564e+00,2.305856e+00,7.381776e+00,-7.551241e+00,1.493302e+01,1.171500e+04,3.187000e+03,-1.099333e-04,1.062944e-07,-8.601588e-04,1.363864e+00,2.949649e+00,1.717454e+00,-2.077371e-02,3.086457e+00,-1.146111e+00,-2.089977e-04,1.140491e+00,1.145902e+00,1.140700e+00,2.286602e+00,8.354380e+00,-7.274487e+00,1.562887e+01,1.287900e+04,1.024600e+04,1.171884e-04,-1.172707e-07,9.448851e-04,1.402303e+00,3.064222e+00,1.750492e+00,1.833283e-02,3.014478e+00,-1.192363e+00,5.408525e-04,1.185603e+00,1.192904e+00,1.185063e+00,2.377966e+00,6.128053e+00,-6.619295e+00,1.274735e+01,7.810000e+03,1.033600e+04,3.273795e-04,-3.093935e-07,2.511079e-03,1.274388e+00,2.568121e+00,1.602536e+00,-2.525817e-02,3.099639e+00,-1.073353e+00,1.340666e-02,1.064373e+00,1.086760e+00,1.050967e+00,2.137727e+00,7.675804e-02,-5.562248e-02,1.323805e-01,3.650000e+02,3.690000e+02,1.658860e-06,-1.241435e-09,1.042091e-05,4.026654e-03,3.480164e-05,5.899294e-03,4.588130e-01,1.617078e+01,-3.016266e-03,-3.337413e-05,2.993926e-03,2.982892e-03,3.027301e-03,6.010192e-03,6.912018e-02,-7.147985e-02,1.406000e-01,1.280100e+04,3.185000e+03,1.839926e-06,-7.638334e-11,2.379039e-06,5.784757e-03,6.615867e-05,8.133798e-03,-6.186023e-02,1.009788e+01,-4.435140e-03,1.202226e-05,4.392266e-03,4.447162e-03,4.380244e-03,8.827406e-03,7.172114e-02,-5.768249e-02,1.294036e-01,1.266400e+04,1.004000e+04,8.271665e-08,3.533459e-10,-2.411199e-06,5.143062e-03,5.444263e-05,7.378525e-03,-6.947055e-02,1.048107e+01,-3.790986e-03,1.147032e-04,3.834641e-03,3.905690e-03,3.719938e-03,7.625627e-03,8.595679e-02,-9.445741e-02,1.804142e-01,5.952000e+03,5.948000e+03,2.509968e-06,7.341650e-10,-2.671768e-06,5.282939e-03,7.393322e-05,8.598444e-03,-9.557925e-01,2.190678e+01,-3.575730e-03,9.506941e-05,3.707099e-03,3.670800e-03,3.612030e-03,7.282829e-03,7.073264e-02,-9.291711e-02,1.636497e-01,1.360600e+04,1.174100e+04,7.351869e-07,6.719943e-10,-4.007749e-06,5.085189e-03,7.949272e-05,8.915870e-03,-1.260465e+00,2.823582e+01,-3.331220e-03,4.570484e-05,3.432846e-03,3.376925e-03,3.387141e-03,6.764066e-03,8.563105e-02,-1.090596e-01,1.946906e-01,3.188000e+03,2.668000e+03,1.429488e-06,6.178136e-10,-2.931041e-06,4.829563e-03,7.276302e-05,8.530125e-03,-1.298423e+00,3.574788e+01,-3.197312e-03,7.038117e-05,3.250909e-03,3.267694e-03,3.180528e-03,6.448221e-03,7.137956e-02,-9.125097e-02,1.626305e-01,3.188000e+03,3.184000e+03,2.988271e-06,-1.194742e-10,3.831520e-06,4.230205e-03,4.802774e-05,6.930206e-03,-1.161295e+00,2.881082e+01,-2.931023e-03,8.091926e-05,3.004122e-03,3.011942e-03,2.923202e-03,5.935145e-03,6.632793e-02,-7.403724e-02,1.403652e-01,2.672000e+03,2.668000e+03,3.049862e-06,-1.652129e-09,1.471059e-05,3.820672e-03,3.512405e-05,5.926559e-03,-5.990512e-01,2.441311e+01,-2.766275e-03,3.237724e-05,2.895832e-03,2.798653e-03,2.863455e-03,5.662107e-03,2.203082e-02,-1.776972e-02,3.980054e-02,7.300000e+01,4.079000e+03,4.024560e-07,-4.267525e-10,3.414475e-06,2.266970e-03,8.407428e-06,2.899557e-03,1.220581e-01,4.936800e+00,-1.903899e-03,0.000000e+00,1.903898e-03,1.903899e-03,1.903898e-03,3.807797e-03,1.198302e-01,-1.117968e-01,2.316270e-01,2.000000e+00,7.763000e+03,1.712792e-05,-5.908413e-09,5.882950e-05,2.491647e-02,9.952097e-04,3.154695e-02,-2.505931e-02,3.161347e+00,-2.101004e-02,4.638091e-04,2.071197e-02,2.147385e-02,2.024816e-02,4.172201e-02,1.254697e+02,-1.234136e+02,2.488833e+02,3.100000e+01,4.056000e+03,-4.542680e-09,-1.658542e-06,1.170599e-02,1.166545e+01,7.771722e+02,2.787781e+01,-1.027552e-04,8.185468e+00,0.000000e+00,0.000000e+00,0.000000e+00,0.000000e+00,0.000000e+00,0.000000e+00,4.463081e+01,-2.260342e+01,6.723423e+01,3.200000e+01,6.241000e+03,2.864488e-02,-1.068843e-05,1.040838e-01,7.346628e-01,5.337944e+00,2.310810e+00,1.908572e+00,5.576721e+01,0.000000e+00,0.000000e+00,0.000000e+00,0.000000e+00,0.000000e+00,0.000000e+00,unassigned"
993,"'unknown',1.388188e+00,8.332743e-01,1.186849e-01,2.987084e-01,3.087044e-01,3.202054e-01,9.995937e-03,1.150098e-02,2.149692e-02,2.765090e-01,4.875429e-01,2.110339e-01,5.161812e-02,1.106136e+01,1.780933e+02,9.767142e+00,2.376000e+01,1.430000e+00,6.797838e+00,5.951959e-03,1.275420e-03,4.251399e-04,7.085666e-05,4.986536e-01,5.053504e-01,4.394665e-04,-1.523124e+00,5.759387e-01,3.997589e-01,-6.436267e-01,1.938191e-01,2.465144e+00,2.258202e-01,8.341954e-01,9.603999e-01,9.869105e-01,1.013233e+00,2.651060e-02,2.632219e-02,5.283278e-02,8.368128e-01,1.405326e+00,5.685129e-01,1.148594e-01,8.570968e+00,1.110990e+02,4.704667e+00,1.702000e+01,1.420000e+00,3.755098e+00,1.325019e-02,3.613689e-03,1.062850e-03,2.834266e-04,5.065193e-01,5.256892e-01,7.301843e-04,-2.078036e+00,1.498552e+00,-2.095865e-01,-3.087917e-01,9.866372e-02,3.603114e-02,8.332743e-01,9.946149e-01,5.272111e-03,5.861183e-03,6.607860e-03,5.890718e-04,7.466772e-04,1.335749e-03,4.207493e-03,1.119250e-02,6.985010e-03,1.556561e-03,6.364249e+00,8.533915e+01,9.767142e+00,2.352000e+01,1.870000e+00,6.221788e+00,6.802239e-03,1.417133e-03,4.251399e-04,7.085666e-05,4.939059e-01,5.030118e-01,2.126834e-07,-2.023567e+00,1.776195e+00,-8.976548e-01,1.875877e-01,-3.809485e-02,1.145125e-01,1.062850e-02,6.481967e-01,2.834467e-02,3.275384e-02,3.728899e-02,4.409174e-03,4.535146e-03,8.944320e-03,1.826657e-02,5.089443e-02,3.262786e-02,7.426506e-03,1.710550e+00,1.778310e+01,1.579438e+00,2.950000e+00,1.410000e+00,2.239500e-01,2.772621e-01,2.905123e-03,1.062850e-03,5.668533e-04,4.890164e-01,4.925944e-01,2.237639e-06,-1.774715e+00,7.583119e-01,2.396335e-01,-2.001173e-01,-2.091866e-02,6.337363e-01,8.331326e-01,8.334160e-01,-3.638545e-03,-1.022786e-04,3.443736e-03,3.536266e-03,3.546014e-03,7.082281e-03,-3.834188e-02,3.636711e-02,7.470898e-02,1.672868e-02,3.136218e+00,1.192832e+02,1.519667e+01,3.223000e+01,5.160000e+00,8.409438e+00,9.973074e-01,6.731383e-03,9.211365e-04,1.417133e-04,5.178571e-01,4.996102e-01,2.512837e-05,-1.798744e+00,1.416613e+00,-1.054572e-01,-5.354999e-01,3.645249e-01,1.077398e+00,1.891164e-01,2.259619e-01,-7.310224e-03,3.946066e-04,8.169865e-03,7.704830e-03,7.775259e-03,1.548009e-02,-1.021300e-01,8.865359e-02,1.907836e-01,3.662314e-02,5.984920e-01,7.605382e+01,1.618750e+01,5.612000e+01,1.430000e+00,1.603516e+01,9.972366e-01,5.130022e-02,2.125700e-03,5.668533e-04,5.259354e-01,5.021614e-01,1.424529e-05,-3.115106e+00,4.666026e+00,-4.031394e+00,2.011434e+00,-4.503357e-01,1.685105e-02,8.331326e-01,8.334160e-01,-2.102257e-04,-2.799649e-06,2.062980e-04,2.074260e-04,2.090977e-04,4.165237e-04,-1.068027e-03,1.115617e-03,2.183644e-03,4.989026e-04,1.136403e+00,6.093943e+01,2.589800e+01,5.963000e+01,5.120000e+00,1.888207e+01,9.985120e-01,1.962729e-02,1.133707e-03,7.085666e-05,5.202664e-01,4.987598e-01,1.261236e-08,-2.255827e+00,2.545168e+00,-1.493851e+00,3.970472e-01,5.127966e-02,2.781557e-02,2.884575e-01,2.888826e-01,-1.121189e-03,1.259688e-05,1.133787e-03,1.133786e-03,1.121190e-03,2.254975e-03,-4.182415e-03,4.056437e-03,8.238852e-03,1.769500e-03,1.398907e-01,7.044434e+00,1.246600e+01,2.688000e+01,1.420000e+00,9.972601e+00,9.978743e-01,2.336144e-01,1.133707e-03,5.668533e-04,5.024093e-01,4.994685e-01,1.302990e-07,-1.972727e+00,1.374428e+00,-4.204413e-02,-3.808421e-01,1.772693e-01,3.900063e-01,6.482255e-01,7.617058e-01,1.167368e-01,1.299893e-01,1.441935e-01,1.325249e-02,1.420423e-02,2.745672e-02,8.643817e-02,1.934036e-01,1.069654e-01,2.252357e-02,1.116935e+00,1.120846e+01,1.729390e+00,2.810000e+00,1.410000e+00,3.173071e-01,1.057590e-01,7.792024e-04,2.125097e-04,1.416732e-04,4.936243e-01,5.088204e-01,2.382315e-05,-2.141116e+00,1.586686e+00,-1.450537e-01,-4.937585e-01,1.949076e-01,6.406481e-01,6.562301e-01,6.894524e-01,2.492652e-01,2.722631e-01,2.972496e-01,2.299789e-02,2.498657e-02,4.798445e-02,1.973411e-01,3.896103e-01,1.922691e-01,3.998032e-02,1.351669e+00,1.164822e+01,1.728518e+00,2.820000e+00,1.410000e+00,3.193130e-01,1.024297e-01,1.912588e-03,2.833463e-04,1.416732e-04,4.955370e-01,5.098122e-01,1.072817e-04,-2.111048e+00,1.623162e+00,-2.647101e-01,-4.236400e-01,1.777294e-01,7.601686e-01,9.126585e-01,6.412836e-01,3.860367e-01,4.197123e-01,4.564072e-01,3.367555e-02,3.669488e-02,7.037044e-02,3.085460e-01,5.971078e-01,2.885619e-01,5.981097e-02,1.554646e+00,1.215972e+01,1.457732e+00,1.620000e+00,1.410000e+00,5.104082e-02,3.450450e-01,6.729475e-03,1.629241e-03,4.250195e-04,4.943327e-01,5.121502e-01,2.316062e-04,-2.094666e+00,1.539072e+00,-1.537992e-01,-4.702133e-01,1.809979e-01,1.019682e+00,2.258270e-01,1.898420e-01,5.101945e-01,5.550997e-01,6.048654e-01,4.490513e-02,4.976571e-02,9.467083e-02,4.067488e-01,7.641248e-01,3.573760e-01,7.717272e-02,1.062343e+00,8.241732e+00,1.471667e+00,1.800000e+00,1.410000e+00,5.999421e-02,3.797549e-01,5.171070e-03,7.083658e-04,1.416732e-04,4.987248e-01,5.094580e-01,4.078161e-04,-2.076955e+00,1.514244e+00,-1.648890e-01,-4.201894e-01,1.491237e-01,9.954696e-01,9.125168e-01,9.140044e-01,6.164227e-01,6.736620e-01,7.332563e-01,5.723929e-02,5.959427e-02,1.168336e-01,4.904390e-01,9.032301e-01,4.127910e-01,8.891699e-02,5.467688e-01,5.112546e+00,1.457629e+00,1.610000e+00,1.410000e+00,4.399563e-02,5.793015e-01,9.562938e-03,9.917121e-04,3.541829e-04,4.979456e-01,5.095289e-01,5.564779e-04,-2.106041e+00,1.627374e+00,-3.407372e-01,-2.848286e-01,1.054649e-01,1.688753e+00,2.257562e-01,8.630021e-01,7.094778e-01,7.669528e-01,8.287541e-01,5.747497e-02,6.180131e-02,1.192763e-01,5.756825e-01,1.028680e+00,4.529979e-01,1.041708e-01,2.395908e+00,2.350414e+01,2.031159e+00,4.820000e+00,1.420000e+00,6.214116e-01,5.263158e-02,3.258483e-03,9.208755e-04,7.083658e-05,4.968121e-01,5.098122e-01,7.419394e-04,-2.078309e+00,1.518398e+00,-1.492118e-01,-4.642960e-01,1.747094e-01,1.491571e+00,2.257562e-01,5.349578e-01,7.820389e-01,8.498132e-01,9.221330e-01,6.777436e-02,7.231975e-02,1.400941e-01,6.296080e-01,1.151464e+00,5.218555e-01,1.123244e-01,9.082831e-01,7.358218e+00,1.463854e+00,1.660000e+00,1.410000e+00,5.350953e-02,3.911596e-01,4.179358e-03,7.083658e-04,7.083658e-05,4.990790e-01,5.071909e-01,8.411969e-04,-2.121419e+00,1.630418e+00,-2.596010e-01,-4.159820e-01,1.678022e-01,1.560965e+00,8.331090e-01,7.923071e-01,8.528056e-01,9.184067e-01,9.890962e-01,6.560111e-02,7.068956e-02,1.362907e-01,7.088627e-01,1.250978e+00,5.421157e-01,1.134912e-01,1.526308e+00,1.197837e+01,1.469583e+00,1.730000e+00,1.410000e+00,6.558894e-02,3.169937e-01,5.596090e-03,8.500390e-04,2.125097e-04,5.014168e-01,5.122919e-01,9.044366e-04,-2.077779e+00,1.537025e+00,-1.832369e-01,-4.507433e-01,1.758244e-01,2.342277e+00,8.331090e-01,8.326132e-01,9.122583e-01,9.799066e-01,1.053146e+00,6.764823e-02,7.323921e-02,1.408874e-01,7.609766e-01,1.381356e+00,6.203790e-01,1.309976e-01,2.973194e+00,2.953943e+01,2.171231e+00,4.950000e+00,1.420000e+00,7.369135e-01,3.775590e-02,2.833463e-03,5.666926e-04,2.833463e-04,4.999292e-01,5.109458e-01,1.064499e-03,-2.173861e+00,1.772360e+00,-4.471685e-01,-2.752984e-01,1.251631e-01,3.122206e+00,9.125168e-01,8.341716e-01,9.702200e-01,1.042059e+00,1.115100e+00,7.183856e-02,7.304180e-02,1.448804e-01,7.990872e-01,1.513826e+00,7.147391e-01,1.615728e-01,5.227665e+00,6.155080e+01,4.276969e+00,1.247000e+01,1.410000e+00,2.675184e+00,1.515903e-02,3.329319e-03,7.792024e-04,4.250195e-04,5.000709e-01,5.089621e-01,1.477871e-03,-2.206510e+00,1.837556e+00,-4.928740e-01,-2.754547e-01,1.388407e-01,2.719757e+00,9.125168e-01,5.200113e-01,1.023990e+00,1.098302e+00,1.180905e+00,7.431221e-02,8.260238e-02,1.569146e-01,8.402714e-01,1.575729e+00,7.354574e-01,1.605745e-01,3.992999e+00,4.090753e+01,2.613703e+00,5.750000e+00,1.410000e+00,8.458774e-01,2.868881e-02,4.108522e-03,1.204222e-03,2.833463e-04,5.026920e-01,5.176762e-01,1.693345e-03,-2.125975e+00,1.650459e+00,-3.126681e-01,-3.570622e-01,1.467118e-01,3.115348e+00,2.257562e-01,2.742084e-01,1.089984e+00,1.158117e+00,1.231968e+00,6.813383e-02,7.385087e-02,1.419847e-01,9.238881e-01,1.512077e+00,5.881892e-01,1.365661e-01,4.037643e+00,5.332268e+01,7.196842e+00,2.377000e+01,1.450000e+00,6.131890e+00,7.933697e-03,1.487568e-03,3.541829e-04,7.083658e-05,5.009210e-01,5.073326e-01,1.284778e-03,-2.076561e+00,1.556577e+00,-2.767439e-01,-3.075669e-01,1.052290e-01,3.340585e+00,8.318340e-01,1.767373e-01,1.132131e+00,1.214974e+00,1.304497e+00,8.284259e-02,8.952284e-02,1.723654e-01,9.378518e-01,1.647358e+00,7.095066e-01,1.668988e-01,3.973706e+00,4.858875e+01,4.276969e+00,1.091000e+01,1.440000e+00,2.430979e+00,1.685911e-02,2.195934e-03,4.958560e-04,3.541829e-04,4.948286e-01,5.096706e-01,1.689987e-03,-2.148619e+00,1.694348e+00,-3.413543e-01,-3.498220e-01,1.466722e-01,4.204746e+00,8.318340e-01,1.175887e-02,1.190564e+00,1.266129e+00,1.348285e+00,7.556570e-02,8.215570e-02,1.577214e-01,9.966304e-01,1.951101e+00,9.544708e-01,2.019711e-01,6.753009e+00,8.822759e+01,5.645600e+00,1.702000e+01,1.440000e+00,4.233435e+00,1.119218e-02,2.266770e-03,9.208755e-04,2.833463e-04,5.007084e-01,5.170386e-01,1.942588e-03,-2.254204e+00,1.939611e+00,-6.067176e-01,-1.829497e-01,1.057036e-01,6.125679e+00,1.892045e-01,8.326132e-01,1.239587e+00,1.319172e+00,1.403207e+00,7.958508e-02,8.403552e-02,1.636206e-01,1.016774e+00,2.105275e+00,1.088501e+00,2.458949e-01,8.662710e+00,1.321525e+02,9.767857e+00,3.221000e+01,1.440000e+00,8.045601e+00,7.012821e-03,1.700078e-03,4.250195e-04,2.125097e-04,4.989374e-01,5.158342e-01,2.497572e-03,-2.339740e+00,2.170022e+00,-8.595139e-01,-5.652043e-02,8.758769e-02,6.373554e+00,2.257562e-01,8.338882e-01,1.291904e+00,1.366997e+00,1.450755e+00,7.509279e-02,8.375776e-02,1.588506e-01,1.066531e+00,2.148255e+00,1.081724e+00,2.547258e-01,9.631270e+00,1.541612e+02,8.044117e+00,2.032000e+01,1.440000e+00,5.576816e+00,7.579514e-03,1.841751e-03,7.083658e-04,2.833463e-04,5.031879e-01,5.141339e-01,2.948427e-03,-2.302696e+00,2.117828e+00,-8.749869e-01,1.374625e-02,4.796911e-02,6.130768e+00,2.257562e-01,1.901254e-01,1.331565e+00,1.410990e+00,1.494774e+00,7.942438e-02,8.378458e-02,1.632090e-01,1.100051e+00,2.172795e+00,1.072744e+00,2.398145e-01,8.333615e+00,1.275646e+02,9.116667e+00,2.034000e+01,1.440000e+00,5.786046e+00,7.721187e-03,1.275058e-03,4.250195e-04,1.416732e-04,5.009918e-01,5.120794e-01,2.675471e-03,-2.230660e+00,1.866231e+00,-5.117489e-01,-2.553514e-01,1.331612e-01,4.772419e+00,2.257562e-01,1.182971e-02,1.361100e+00,1.438413e+00,1.520688e+00,7.731342e-02,8.227491e-02,1.595883e-01,1.150464e+00,2.279703e+00,1.129239e+00,2.266216e-01,6.266790e+00,7.084251e+01,3.335366e+00,8.200000e+00,1.410000e+00,1.659177e+00,1.777998e-02,3.470992e-03,5.666926e-04,7.083658e-05,5.010626e-01,5.139214e-01,2.372094e-03,-2.238057e+00,1.900260e+00,-5.803989e-01,-1.820723e-01,1.016281e-01,3.764493e+00,2.888007e-01,1.175887e-02,1.375441e+00,1.450323e+00,1.530396e+00,7.488108e-02,8.007360e-02,1.549547e-01,1.169911e+00,2.148907e+00,9.789958e-01,1.951064e-01,5.542924e+00,6.140960e+01,3.049333e+00,6.900000e+00,1.410000e+00,1.187472e+00,1.813416e-02,3.612666e-03,9.917121e-04,1.416732e-04,5.002126e-01,5.119377e-01,2.108537e-03,-2.102180e+00,1.546656e+00,-1.924694e-01,-3.962455e-01,1.453200e-01,5.380676e+00,5.312744e-03,1.211306e-02,1.350225e+00,1.424003e+00,1.501367e+00,7.377756e-02,7.736373e-02,1.511413e-01,1.126827e+00,2.190783e+00,1.063956e+00,2.289646e-01,7.537539e+00,1.002772e+02,5.945652e+00,2.035000e+01,1.430000e+00,5.341571e+00,1.069632e-02,2.620953e-03,5.666926e-04,1.416732e-04,5.002126e-01,5.147715e-01,2.190428e-03,-2.233429e+00,1.843149e+00,-4.691480e-01,-2.758649e-01,1.366585e-01,5.226789e+00,5.312744e-03,2.896508e-01,1.284484e+00,1.349500e+00,1.418877e+00,6.501615e-02,6.937635e-02,1.343925e-01,1.044434e+00,2.133720e+00,1.089286e+00,2.226062e-01,7.667244e+00,1.021746e+02,5.260000e+00,2.035000e+01,1.430000e+00,5.223460e+00,1.041298e-02,2.337607e-03,5.666926e-04,7.083658e-05,5.003542e-01,5.205101e-01,2.012227e-03,-2.227081e+00,1.830531e+00,-4.776073e-01,-2.437386e-01,1.192783e-01,5.037819e+00,5.312744e-03,2.895799e-01,1.163835e+00,1.221689e+00,1.284625e+00,5.785346e-02,6.293678e-02,1.207902e-01,9.456605e-01,1.942914e+00,9.972537e-01,2.073512e-01,7.906437e+00,1.104640e+02,5.396250e+00,1.875000e+01,1.410000e+00,4.634838e+00,9.917121e-03,2.337607e-03,5.666926e-04,7.083658e-05,5.046756e-01,5.188098e-01,1.704969e-03,-2.236492e+00,1.852888e+00,-4.867887e-01,-2.630944e-01,1.349396e-01,4.187934e+00,5.312744e-03,2.896508e-01,1.012400e+00,1.060727e+00,1.112692e+00,4.832625e-02,5.196536e-02,1.002916e-01,8.212308e-01,1.650155e+00,8.289243e-01,1.825962e-01,8.320342e+00,1.142403e+02,5.698333e+00,2.034000e+01,1.410000e+00,4.857759e+00,1.020047e-02,2.833463e-03,7.792024e-04,1.416732e-04,5.089969e-01,5.155509e-01,1.258161e-03,-2.294038e+00,2.013268e+00,-6.749812e-01,-1.484263e-01,1.056447e-01,3.231184e+00,5.312744e-03,2.901466e-01,8.502369e-01,8.893558e-01,9.306442e-01,3.911895e-02,4.128838e-02,8.040732e-02,6.918013e-01,1.402440e+00,7.106390e-01,1.449170e-01,7.893342e+00,1.036996e+02,5.227407e+00,2.033000e+01,1.410000e+00,4.947964e+00,1.246724e-02,3.116810e-03,9.208755e-04,1.416732e-04,5.023378e-01,5.134963e-01,9.007968e-04,-2.195241e+00,1.765311e+00,-4.339725e-01,-2.492514e-01,1.145297e-01,2.339244e+00,5.312744e-03,2.900758e-01,6.977728e-01,7.286426e-01,7.611091e-01,3.086984e-02,3.246641e-02,6.333625e-02,5.697819e-01,1.142809e+00,5.730270e-01,1.145591e-01,7.236978e+00,8.859796e+01,4.573667e+00,1.874000e+01,1.430000e+00,4.676785e+00,1.381313e-02,3.400156e-03,9.208755e-04,2.125097e-04,5.095636e-01,5.213603e-01,5.666012e-04,-2.197601e+00,1.768114e+00,-4.143664e-01,-2.904295e-01,1.355834e-01,2.100054e+00,2.256853e-01,2.895799e-01,5.649970e-01,5.897884e-01,6.150127e-01,2.479136e-02,2.522433e-02,5.001569e-02,4.591949e-01,9.360834e-01,4.768886e-01,9.307872e-02,7.011056e+00,8.482763e+01,4.883928e+00,2.035000e+01,1.410000e+00,4.729328e+00,1.275058e-02,2.762627e-03,2.833463e-04,1.416732e-04,5.064466e-01,5.210060e-01,3.606178e-04,-2.217811e+00,1.837823e+00,-5.217053e-01,-1.996412e-01,1.025827e-01,1.951630e-01,8.330382e-01,6.597010e-01,2.140189e-03,2.652943e-03,3.280009e-03,5.127548e-04,6.270655e-04,1.139820e-03,1.227203e-03,7.817472e-03,6.590270e-03,4.344383e-03,2.352712e+01,7.165064e+02,2.590200e+01,8.557000e+01,5.160000e+00,2.999777e+01,1.629241e-03,5.666926e-04,2.125097e-04,7.083658e-05,4.985123e-01,5.037194e-01,3.754560e-06,-1.407697e+00,4.731542e-01,5.203149e-01,-7.211118e-01,2.534088e-01,3.318712e-01,8.330382e-01,4.459871e-01,5.951379e-04,6.955021e-04,8.164756e-04,1.003642e-04,1.209735e-04,2.213377e-04,4.154725e-04,5.138185e-03,4.722713e-03,7.683515e-03,2.836661e+01,9.403378e+02,3.237500e+01,8.556000e+01,5.160000e+00,3.175894e+01,1.345895e-03,7.792024e-04,2.833463e-04,1.416732e-04,4.990082e-01,5.041445e-01,1.640242e-05,-1.192510e+00,3.772238e-01,4.429756e-01,-5.925303e-01,2.466389e-01,6.747070e+02,4.214776e-01,2.195934e-03,5.742188e+01,8.613281e+01,1.291992e+02,2.871094e+01,4.306641e+01,7.177734e+01,4.306641e+01,3.158203e+02,2.727539e+02,6.190451e+01,1.897592e+00,9.832004e+00,2.081029e+00,5.090000e+00,1.410000e+00,7.537497e-01,6.771977e-02,3.612666e-03,5.666926e-04,2.125097e-04,3.479739e-01,4.318810e-01,1.337190e+03,-1.089376e+00,6.466158e-02,5.228447e-01,-5.019934e-01,4.228709e-02,1.449902e+03,5.171070e-03,2.004675e-02,1.722656e+02,2.440430e+02,3.301758e+02,7.177734e+01,8.613281e+01,1.579102e+02,7.177734e+01,5.598633e+02,4.880859e+02,1.187852e+02,1.001064e+00,7.263193e+00,1.791013e+00,3.100000e+00,1.410000e+00,3.937538e-01,1.010838e-01,2.479280e-03,6.375292e-04,7.083658e-05,4.397846e-01,4.763727e-01,4.617868e+03,-1.091072e+00,5.884091e-02,5.178331e-01,-4.974561e-01,3.581056e-02,3.430957e+03,2.886591e-01,1.297726e-01,4.450195e+02,5.311523e+02,6.172852e+02,8.613281e+01,8.613281e+01,1.722656e+02,1.866211e+02,8.469727e+02,6.603516e+02,1.621864e+02,4.585539e+00,6.959884e+01,8.044117e+00,1.877000e+01,1.420000e+00,5.897317e+00,7.154495e-03,1.700078e-03,9.917121e-04,2.833463e-04,4.551573e-01,4.716259e-01,6.983324e+03,-1.183618e+00,1.143065e-01,5.406629e-01,-5.332108e-01,7.219528e-02,6.890625e+03,2.592619e-02,4.419494e-01,7.608398e+02,8.469727e+02,9.618164e+02,8.613281e+01,1.148438e+02,2.009766e+02,5.024414e+02,1.478613e+03,9.761719e+02,2.480688e+02,8.263040e+00,1.403055e+02,9.086923e+00,2.753000e+01,1.420000e+00,8.989596e+00,4.816887e-03,1.629241e-03,2.833463e-04,1.416732e-04,4.684047e-01,4.771520e-01,1.331061e+04,-1.299173e+00,2.541612e-01,5.205218e-01,-6.185397e-01,1.515122e-01,7.054915e-01,8.330382e-01,0.000000e+00,5.337704e-02,6.007309e-02,6.861905e-02,6.696053e-03,8.545961e-03,1.524201e-02,4.173512e-02,1.263256e-01,8.459052e-02,2.344092e-02,1.025688e+01,1.823887e+02,1.295000e+01,2.567000e+01,1.870000e+00,7.806051e+00,4.321031e-03,9.917121e-04,2.833463e-04,7.083658e-05,4.975205e-01,5.013815e-01,1.066373e-04,-1.467016e+00,4.701397e-01,5.215001e-01,-7.144911e-01,2.044333e-01,2.076019e+03,2.592619e-02,6.481547e-01,3.659778e+02,4.311498e+02,4.987114e+02,6.517206e+01,6.756161e+01,1.327337e+02,2.190345e+02,7.407705e+02,5.217360e+02,1.184011e+02,3.432699e+00,4.076539e+01,2.000290e+00,4.400000e+00,1.410000e+00,6.611803e-01,5.737763e-02,2.337607e-03,1.204222e-03,7.083658e-04,4.945452e-01,5.074035e-01,3.505904e+03,-1.188966e+00,1.206437e-01,5.339571e-01,-5.269605e-01,6.905006e-02,4.967457e+00,2.886591e-01,6.481547e-01,3.575041e+00,3.885931e+00,4.161839e+00,3.108897e-01,2.759082e-01,5.867980e-01,2.680506e+00,4.661544e+00,1.981038e+00,4.351418e-01,-4.429212e-01,4.432546e+00,7.008125e+00,1.505000e+01,1.420000e+00,4.804053e+00,9.931288e-01,5.604590e-01,2.408444e-03,7.792024e-04,4.985832e-01,4.991853e-01,6.113900e-02,-1.060564e+00,-2.190416e-02,5.167962e-01,-4.307240e-01,-2.018517e-03,1.108624e+07,2.592619e-02,6.481547e-01,5.827621e+05,6.944947e+05,8.265236e+05,1.117326e+05,1.320289e+05,2.437614e+05,3.232374e+05,1.740336e+06,1.417099e+06,3.233194e+05,8.851999e+00,1.811828e+02,1.415111e+01,3.259000e+01,1.430000e+00,1.157808e+01,4.179358e-03,2.125097e-04,1.416732e-04,1.416732e-04,4.995750e-01,5.041445e-01,2.282615e+10,-1.273252e+00,2.497901e-01,5.033426e-01,-6.006716e-01,1.391568e-01,6.908668e+01,6.481547e-01,2.887299e-01,1.147517e+01,1.245230e+01,1.350430e+01,9.771357e-01,1.051997e+00,2.029133e+00,6.691275e+00,1.789048e+01,1.119920e+01,2.185758e+00,3.735757e+00,8.577799e+01,1.055182e+01,2.264000e+01,1.970000e+00,8.547406e+00,6.800312e-03,3.541829e-04,2.125097e-04,1.416732e-04,5.020544e-01,5.027276e-01,9.275421e-01,-1.266959e+00,1.653660e-01,5.837433e-01,-5.516679e-01,7.232413e-02,7.575332e+03,6.481547e-01,2.887299e-01,1.933127e+02,2.295252e+02,2.728536e+02,3.621255e+01,4.332838e+01,7.954094e+01,7.338335e+01,4.943442e+02,4.209608e+02,1.319951e+02,2.781565e+01,1.312145e+03,9.218000e+01,9.218000e+01,9.218000e+01,0.000000e+00,3.541829e-04,2.833463e-04,1.416732e-04,7.083658e-05,5.005667e-01,5.064116e-01,2.495904e+03,-1.470382e+00,3.846784e-01,6.594705e-01,-6.867330e-01,1.342607e-01,7.607608e-02,1.537154e-02,8.330382e-01,-1.731426e-03,-1.377067e-03,-1.132237e-03,3.543593e-04,2.448303e-04,5.991895e-04,-5.704212e-03,-7.219276e-04,4.982284e-03,1.935230e-03,-1.969674e+01,5.189551e+02,2.158333e+01,5.964000e+01,5.160000e+00,1.811102e+01,9.998583e-01,9.991500e-01,9.982291e-01,9.944748e-01,5.000000e-01,4.949345e-01,8.250592e-07,-1.350986e+00,3.927250e-01,5.138177e-01,-6.567814e-01,1.981302e-01,1.537463e+00,2.592619e-02,6.481547e-01,3.425042e-01,4.027894e-01,4.641531e-01,6.028518e-02,6.136370e-02,1.216489e-01,2.049185e-01,6.461759e-01,4.412574e-01,9.819125e-02,1.701504e+00,1.757140e+01,1.549890e+00,2.440000e+00,1.410000e+00,1.968293e-01,2.838422e-01,3.187646e-03,1.062549e-03,4.250195e-04,4.933409e-01,5.069075e-01,2.636698e-03,-1.144093e+00,7.275634e-02,5.364511e-01,-4.988207e-01,4.011574e-02,1.625049e-01,8.330382e-01,1.186513e-01,1.407813e-03,1.678924e-03,2.008521e-03,2.711106e-04,3.295970e-04,6.007076e-04,8.974082e-04,6.406939e-03,5.509531e-03,3.754963e-03,2.424507e+01,7.234969e+02,2.590000e+01,8.556000e+01,5.160000e+00,3.000261e+01,1.841751e-03,6.375292e-04,1.416732e-04,7.083658e-05,4.993624e-01,5.063408e-01,2.782844e-06,-1.431136e+00,5.992926e-01,3.796916e-01,-6.609765e-01,2.669696e-01,3.221096e+01,6.561592e-01,1.069632e-02,2.577205e+01,2.689350e+01,2.784057e+01,1.121450e+00,9.470711e-01,2.068521e+00,1.857648e+01,3.012253e+01,1.154605e+01,2.232299e+00,-2.795844e+00,2.141667e+01,1.625287e+00,3.190000e+00,1.410000e+00,3.138373e-01,9.985124e-01,9.936247e-01,7.764397e-01,6.162783e-03,5.002126e-01,4.963514e-01,1.009697e+00,-1.244256e+00,2.184415e-01,4.511577e-01,-5.201178e-01,9.544703e-02,3.157878e+01,2.167599e-01,8.317631e-01,-6.441213e-01,8.444471e-01,2.318211e+00,1.488568e+00,1.473764e+00,2.962332e+00,-5.183471e+00,7.353636e+00,1.253711e+01,2.479451e+00,-1.409904e-01,5.963530e+00,4.558000e+00,2.056000e+01,1.410000e+00,3.921643e+00,9.974499e-01,8.721400e-01,2.004675e-02,9.917121e-04,5.029045e-01,4.990436e-01,1.565082e+00,-1.150148e+00,2.075910e-01,5.132185e-01,-5.667831e-01,1.567792e-01,2.923464e+01,6.560884e-01,4.214776e-01,-2.649770e+00,-8.700690e-01,9.058493e-01,1.779701e+00,1.775918e+00,3.555619e+00,-7.443512e+00,5.914218e+00,1.335773e+01,2.770928e+00,7.207642e-02,3.917371e+00,6.510952e+00,2.442000e+01,1.410000e+00,5.189969e+00,9.919246e-01,4.391868e-01,5.666927e-03,6.375292e-04,5.000000e-01,5.022317e-01,2.464145e+00,-1.070481e+00,1.745726e-01,4.950423e-01,-5.370251e-01,1.565300e-01,3.360089e+01,6.480839e-01,6.876815e-01,-4.042494e+00,-1.762549e+00,4.410094e-01,2.279945e+00,2.203558e+00,4.483503e+00,-9.941715e+00,6.193728e+00,1.613544e+01,3.396858e+00,-1.499159e-02,3.343344e+00,4.552903e+00,1.315000e+01,1.440000e+00,3.226543e+00,9.946873e-01,5.757597e-01,1.197138e-02,5.666926e-04,5.034004e-01,4.993269e-01,3.812114e+00,-1.086994e+00,1.644074e-01,4.991831e-01,-5.355684e-01,1.303884e-01,4.497263e+01,6.480839e-01,2.256145e-01,-7.381563e-01,1.829432e+00,4.390230e+00,2.567588e+00,2.560798e+00,5.128386e+00,-6.793125e+00,1.070702e+01,1.750015e+01,3.843130e+00,-8.162566e-03,3.340562e+00,8.302941e+00,2.741000e+01,1.760000e+00,6.116591e+00,9.988666e-01,6.549550e-01,6.658638e-03,2.125097e-04,4.995750e-01,5.015941e-01,4.918777e+00,-1.072947e+00,1.571091e-01,4.983413e-01,-5.410830e-01,1.451320e-01,3.809612e+01,5.305660e-01,9.191754e-01,-8.119616e-01,2.011056e+00,4.840023e+00,2.823018e+00,2.828966e+00,5.651984e+00,-7.822119e+00,1.236466e+01,2.018678e+01,4.271639e+00,6.796052e-02,3.254870e+00,2.386102e+00,6.310000e+00,1.410000e+00,8.806797e-01,9.603315e-01,3.009846e-01,4.604378e-03,2.833463e-04,4.999292e-01,5.002480e-01,6.018243e+00,-1.088633e+00,1.766485e-01,4.969288e-01,-5.527763e-01,1.570155e-01,4.146633e+01,6.480131e-01,7.782815e-01,-3.500993e+00,-4.051293e-01,2.803402e+00,3.095864e+00,3.208531e+00,6.304395e+00,-1.081362e+01,1.087005e+01,2.168366e+01,4.655498e+00,1.509285e-01,3.295345e+00,2.205312e+00,5.570000e+00,1.410000e+00,8.663753e-01,9.561521e-01,2.834172e-01,5.666927e-03,2.125097e-04,5.003542e-01,5.022317e-01,6.952614e+00,-1.044700e+00,1.597076e-01,5.019841e-01,-5.176761e-01,1.592253e-01,5.064981e+01,5.677552e-01,8.330382e-01,5.566519e+00,8.749058e+00,1.192972e+01,3.182539e+00,3.180663e+00,6.363202e+00,-2.962023e+00,1.959912e+01,2.256114e+01,4.820722e+00,-2.221552e-01,3.790450e+00,1.557253e+00,2.230000e+00,1.410000e+00,1.785600e-01,9.990791e-01,9.577814e-01,1.778706e-01,4.887724e-03,5.000000e-01,5.028693e-01,8.502947e+00,-1.113123e+00,1.086947e-01,5.125056e-01,-5.274337e-01,5.723318e-02,4.721672e+01,2.960969e-02,8.318340e-01,8.488429e+00,1.171711e+01,1.492423e+01,3.228685e+00,3.207113e+00,6.435799e+00,1.099427e-01,2.268829e+01,2.257834e+01,4.826437e+00,-1.479042e-01,3.394302e+00,1.704337e+00,3.250000e+00,1.410000e+00,3.231032e-01,9.990791e-01,8.853864e-01,1.031381e-01,2.408444e-03,4.990082e-01,5.025151e-01,8.695765e+00,-1.127730e+00,1.157273e-01,5.113167e-01,-5.351235e-01,5.912068e-02,4.182972e+01,8.299214e-01,6.382376e-02,-2.777998e+00,3.471392e-01,3.631611e+00,3.125137e+00,3.284472e+00,6.409609e+00,-1.062642e+01,1.219759e+01,2.282401e+01,4.844307e+00,1.145636e-01,3.217260e+00,2.705600e+00,7.290000e+00,1.540000e+00,1.090439e+00,9.853368e-01,4.836722e-01,1.813416e-02,1.133385e-03,5.063049e-01,4.984768e-01,7.576884e+00,-1.047144e+00,1.683493e-01,4.918052e-01,-5.053110e-01,1.513105e-01,4.225378e+01,8.298506e-01,2.940426e-01,-1.107485e+00,2.184482e+00,5.396698e+00,3.291968e+00,3.212215e+00,6.504183e+00,-9.077400e+00,1.378911e+01,2.286651e+01,4.883287e+00,6.116284e-02,3.103329e+00,1.653412e+00,2.980000e+00,1.410000e+00,2.920981e-01,8.866615e-01,1.634908e-01,1.558405e-03,7.083658e-05,4.997875e-01,5.006022e-01,8.256192e+00,-1.062972e+00,1.514712e-01,5.110670e-01,-5.233121e-01,1.289651e-01,3.557581e+01,5.533046e-01,7.818233e-01,-1.913210e+00,1.068396e+00,4.205200e+00,2.981606e+00,3.136804e+00,6.118410e+00,-9.531048e+00,1.187978e+01,2.141083e+01,4.573447e+00,3.859691e-02,3.023945e+00,1.998714e+00,4.790000e+00,1.410000e+00,7.158709e-01,9.633775e-01,4.334490e-01,1.891337e-02,8.500390e-04,5.008501e-01,5.003188e-01,7.050266e+00,-1.044307e+00,1.631791e-01,4.922421e-01,-5.221184e-01,1.580438e-01,3.240015e+01,6.437628e-01,8.982078e-02,8.196825e-01,3.594020e+00,6.399701e+00,2.774338e+00,2.805681e+00,5.580018e+00,-6.164228e+00,1.309903e+01,1.926326e+01,4.162850e+00,-3.398192e-02,2.973882e+00,2.060441e+00,3.720000e+00,1.410000e+00,6.262034e-01,9.751363e-01,5.143444e-01,2.755543e-02,6.375292e-04,5.010626e-01,5.009564e-01,6.523407e+00,-1.064048e+00,1.276202e-01,4.877103e-01,-5.365117e-01,1.028796e-01,2.831186e+01,6.276829e-01,8.333924e-01,-8.296564e-01,1.652716e+00,4.182777e+00,2.482373e+00,2.530061e+00,5.012434e+00,-6.985652e+00,1.036760e+01,1.735325e+01,3.725291e+00,-7.852817e-03,3.048618e+00,1.994714e+00,4.900000e+00,1.410000e+00,6.443352e-01,9.857618e-01,6.218035e-01,5.886520e-02,3.187646e-03,5.037546e-01,5.034361e-01,4.976573e+00,-1.037554e+00,1.417463e-01,4.936721e-01,-5.236720e-01,1.267982e-01,1.561473e-01,6.480131e-01,6.483672e-01,-4.543529e-03,-1.052856e-04,4.451771e-03,4.438243e-03,4.557057e-03,8.995300e-03,-1.643980e-02,1.758215e-02,3.402195e-02,7.151283e-03,1.913818e-01,7.643685e+00,9.218000e+01,9.218000e+01,9.218000e+01,0.000000e+00,9.997166e-01,2.846922e-01,2.125097e-04,1.416732e-04,5.054548e-01,5.006731e-01,1.289321e-06,-2.491670e+00,2.855858e+00,-1.584826e+00,2.792395e-01,1.178454e-01,2.479139e-01,6.560884e-01,6.564426e-01,-9.018716e-03,-1.788288e-04,8.802640e-03,8.839888e-03,8.981469e-03,1.782136e-02,-3.256005e-02,3.550550e-02,6.806555e-02,1.422639e-02,2.089403e-01,5.994297e+00,1.626333e+01,6.684000e+01,1.730000e+00,2.289720e+01,9.983708e-01,1.824750e-01,5.666926e-04,1.416732e-04,5.085010e-01,5.032943e-01,5.533884e-06,-2.488019e+00,2.958396e+00,-1.783213e+00,4.440229e-01,7.045221e-02,3.135920e-01,2.256853e-01,2.260395e-01,-1.276709e-02,-1.957744e-04,1.283979e-02,1.257132e-02,1.303557e-02,2.560689e-02,-4.890738e-02,5.125698e-02,1.001644e-01,2.102431e-02,6.645370e-02,7.294810e+00,1.368000e+01,4.712000e+01,5.160000e+00,1.270350e+01,9.970957e-01,4.329532e-01,2.266770e-03,5.666926e-04,5.090677e-01,5.006731e-01,1.143227e-05,-2.494791e+00,2.924462e+00,-1.703846e+00,3.729653e-01,9.258911e-02,4.241953e-01,2.256853e-01,2.259687e-01,-1.711317e-02,1.738846e-04,1.686677e-02,1.728706e-02,1.669288e-02,3.397994e-02,-6.565402e-02,6.544259e-02,1.310966e-01,2.749950e-02,-2.424218e-02,5.918079e+00,1.618750e+01,5.295000e+01,2.600000e+00,1.551425e+01,9.982999e-01,6.317206e-01,2.620953e-03,4.250195e-04,5.079343e-01,5.015941e-01,1.867462e-05,-2.519712e+00,3.001657e+00,-1.809832e+00,4.551584e-01,6.386726e-02,4.373954e-01,9.123752e-01,8.361550e-01,-2.097300e-02,-2.660692e-04,2.073506e-02,2.070693e-02,2.100112e-02,4.170805e-02,-7.570092e-02,7.598640e-02,1.516873e-01,3.215764e-02,1.016467e-01,4.528203e+00,2.158167e+01,8.310000e+01,2.470000e+00,2.783379e+01,9.984416e-01,4.842389e-01,2.125097e-03,3.541829e-04,5.063049e-01,5.037194e-01,2.676545e-05,-2.481444e+00,2.907308e+00,-1.693553e+00,3.757908e-01,9.343824e-02,7.544032e-01,2.256145e-01,2.258978e-01,-2.123973e-02,-4.645467e-04,2.097621e-02,2.077519e-02,2.144076e-02,4.221594e-02,-8.178166e-02,8.273286e-02,1.645145e-01,3.694282e-02,2.687635e-01,1.456471e+01,1.953428e+01,7.952000e+01,5.160000e+00,2.472076e+01,9.976624e-01,1.955090e-01,1.487568e-03,2.125097e-04,5.125390e-01,5.038611e-01,3.151606e-05,-2.603416e+00,3.253399e+00,-2.155437e+00,6.984165e-01,-1.621569e-02,5.840371e-01,2.256145e-01,2.258978e-01,-2.579998e-02,4.149079e-05,2.585033e-02,2.584147e-02,2.580884e-02,5.165031e-02,-9.742565e-02,9.499636e-02,1.924220e-01,4.073436e-02,-3.986571e-02,4.932838e+00,1.709750e+01,5.793000e+01,5.150000e+00,1.625971e+01,9.976624e-01,4.959977e-01,1.629241e-03,1.416732e-04,5.057382e-01,4.984060e-01,4.096565e-05,-2.547832e+00,3.107180e+00,-1.964148e+00,5.684407e-01,2.592072e-02,6.009296e-01,1.891337e-01,8.333215e-01,-2.413211e-02,1.692891e-04,2.443815e-02,2.430140e-02,2.426887e-02,4.857027e-02,-9.706412e-02,9.345940e-02,1.905235e-01,4.030429e-02,-8.629785e-02,7.014615e+00,9.767142e+00,2.571000e+01,1.870000e+00,6.940171e+00,9.970957e-01,4.976270e-01,2.975136e-03,4.958560e-04,5.119722e-01,5.010981e-01,4.099117e-05,-2.544397e+00,3.088989e+00,-1.935983e+00,5.395624e-01,3.737796e-02,1.011954e+00,8.329673e-01,8.332507e-01,-2.533115e-02,1.119256e-04,2.567079e-02,2.544308e-02,2.555886e-02,5.100194e-02,-1.124290e-01,1.084490e-01,2.208779e-01,4.698708e-02,1.681349e-02,1.671187e+01,1.850000e+01,2.759000e+01,5.200000e+00,9.006906e+00,9.968832e-01,1.647659e-01,1.062549e-03,3.541829e-04,5.114763e-01,4.983351e-01,4.900238e-05,-2.632144e+00,3.337831e+00,-2.275616e+00,7.890668e-01,-4.664684e-02,1.431689e+00,9.123752e-01,9.126585e-01,-2.611232e-02,2.788186e-04,2.561150e-02,2.639114e-02,2.533268e-02,5.172382e-02,-1.226542e-01,1.211072e-01,2.437614e-01,5.673970e-02,2.374968e-01,3.853651e+01,1.847571e+01,5.766000e+01,5.160000e+00,1.683372e+01,9.969540e-01,1.471276e-01,1.770915e-03,5.666926e-04,5.102720e-01,4.973432e-01,6.837289e-05,-2.679098e+00,3.464729e+00,-2.447924e+00,9.108497e-01,-8.827944e-02,1.313981e+00,8.359425e-01,9.126585e-01,-2.772329e-02,5.679071e-04,2.848489e-02,2.829120e-02,2.791698e-02,5.620818e-02,-1.359567e-01,1.238170e-01,2.597738e-01,5.726429e-02,-3.525023e-03,2.579530e+01,1.367400e+01,5.792000e+01,1.880000e+00,1.571943e+01,9.967415e-01,2.114472e-01,1.770915e-03,4.250195e-04,5.160810e-01,5.018774e-01,6.850087e-05,-2.690219e+00,3.510034e+00,-2.514186e+00,9.619659e-01,-1.053234e-01,1.438437e+00,2.256145e-01,2.258978e-01,-2.616822e-02,3.490686e-04,2.624984e-02,2.651729e-02,2.590077e-02,5.241805e-02,-1.049615e-01,1.002970e-01,2.052585e-01,4.774320e-02,2.188593e-02,2.969189e+01,2.957500e+01,5.806000e+01,1.249000e+01,1.730160e+01,9.992208e-01,3.983141e-01,7.083658e-04,1.416732e-04,5.080051e-01,5.006022e-01,5.026034e-05,-2.639665e+00,3.346800e+00,-2.282288e+00,7.954012e-01,-5.359091e-02,1.473482e+00,8.351633e-02,8.319756e-01,-3.125106e-02,-2.628684e-04,3.102579e-02,3.098819e-02,3.128866e-02,6.227686e-02,-1.362921e-01,1.240682e-01,2.603603e-01,5.859813e-02,2.555212e-01,2.560563e+01,2.279667e+01,5.096000e+01,8.950000e+00,1.368570e+01,9.982291e-01,1.707162e-01,1.275058e-03,3.541829e-04,5.099178e-01,5.059157e-01,7.422329e-05,-2.663546e+00,3.426883e+00,-2.397728e+00,8.800174e-01,-8.106145e-02,1.964721e+00,8.316923e-01,6.499256e-01,-2.706606e-02,1.549363e-04,2.721672e-02,2.722100e-02,2.706178e-02,5.428278e-02,-1.685746e-01,1.493274e-01,3.179020e-01,6.802187e-02,5.738579e-01,5.145803e+01,1.953428e+01,5.986000e+01,5.160000e+00,1.756537e+01,9.979457e-01,8.387051e-02,1.416732e-03,3.541829e-04,5.109096e-01,4.991853e-01,8.346520e-05,-2.784632e+00,3.736741e+00,-2.797428e+00,1.152636e+00,-1.702847e-01,2.785924e+00,1.890628e-01,1.893462e-01,-2.819008e-02,3.583551e-04,2.887182e-02,2.854843e-02,2.851347e-02,5.706190e-02,-1.968119e-01,1.745918e-01,3.714037e-01,8.121981e-02,9.770412e-01,8.095830e+01,2.362200e+01,5.987000e+01,5.160000e+00,1.928107e+01,9.983708e-01,2.628037e-02,1.133385e-03,2.833463e-04,5.129640e-01,4.979100e-01,1.047867e-04,-2.901563e+00,4.080037e+00,-3.272005e+00,1.494593e+00,-2.866875e-01,2.938909e+00,2.256145e-01,1.893462e-01,-2.655172e-02,5.545139e-04,2.749043e-02,2.710624e-02,2.693591e-02,5.404215e-02,-1.962434e-01,1.643264e-01,3.605697e-01,8.427653e-02,8.959407e-01,9.467429e+01,2.590200e+01,8.556000e+01,5.160000e+00,3.000180e+01,9.983708e-01,3.407240e-02,1.062549e-03,3.541829e-04,5.180646e-01,5.004605e-01,1.173023e-04,-2.879361e+00,4.023582e+00,-3.206182e+00,1.454524e+00,-2.741453e-01,2.667292e+00,2.256145e-01,2.258978e-01,-2.736607e-02,4.083157e-04,2.779830e-02,2.777438e-02,2.738998e-02,5.516436e-02,-1.938813e-01,1.748301e-01,3.687114e-01,7.834397e-02,9.301931e-01,7.298840e+01,2.159333e+01,4.310000e+01,1.490000e+00,1.680381e+01,9.982291e-01,1.586739e-02,8.500390e-04,2.125097e-04,5.163644e-01,5.008147e-01,1.012594e-04,-2.869209e+00,3.979420e+00,-3.131969e+00,1.392133e+00,-2.511142e-01,1.999410e+00,2.256145e-01,2.258978e-01,-2.702279e-02,-7.562638e-05,2.754408e-02,2.694716e-02,2.761971e-02,5.456687e-02,-2.234346e-01,1.950403e-01,4.184748e-01,7.384726e-02,4.145919e-01,3.962872e+01,1.439000e+01,5.097000e+01,1.440000e+00,1.400225e+01,9.971665e-01,8.727067e-02,1.770915e-03,2.125097e-04,5.182771e-01,5.022317e-01,8.784124e-05,-2.876592e+00,3.985965e+00,-3.124726e+00,1.377032e+00,-2.447597e-01,1.582096e+00,2.886591e-01,2.889424e-01,-2.572552e-02,3.938675e-04,2.659156e-02,2.611939e-02,2.619770e-02,5.231708e-02,-1.811268e-01,1.650128e-01,3.461396e-01,6.375906e-02,1.423960e-01,3.340039e+01,1.295100e+01,3.419000e+01,1.430000e+00,9.106924e+00,9.968832e-01,7.664518e-02,1.629241e-03,2.125097e-04,5.172853e-01,4.958555e-01,7.123546e-05,-2.815096e+00,3.806586e+00,-2.875910e+00,1.196472e+00,-1.849760e-01,2.181569e+00,5.171070e-03,5.454417e-03,-2.507856e-02,8.821487e-05,2.624842e-02,2.516677e-02,2.616020e-02,5.132698e-02,-1.960612e-01,1.687317e-01,3.647930e-01,7.187789e-02,5.933158e-01,5.583702e+01,1.439556e+01,5.100000e+01,1.430000e+00,1.401186e+01,9.971665e-01,1.388397e-02,1.275058e-03,7.083658e-05,5.140266e-01,4.962806e-01,7.904962e-05,-2.901020e+00,4.034329e+00,-3.175361e+00,1.403261e+00,-2.513330e-01,2.199463e+00,5.171070e-03,5.454417e-03,-2.163562e-02,3.800750e-04,2.251389e-02,2.201569e-02,2.213382e-02,4.414951e-02,-1.840081e-01,1.588434e-01,3.428514e-01,6.855573e-02,7.971370e-01,6.351154e+01,1.687428e+01,5.612000e+01,1.430000e+00,1.708350e+01,9.974499e-01,1.409648e-02,1.133385e-03,2.125097e-04,5.230944e-01,5.020191e-01,7.200893e-05,-2.895590e+00,4.009480e+00,-3.139694e+00,1.379056e+00,-2.447892e-01,2.094362e+00,5.171070e-03,5.454417e-03,-1.823680e-02,7.268667e-04,1.959808e-02,1.896367e-02,1.887121e-02,3.783488e-02,-1.716594e-01,1.546074e-01,3.262668e-01,6.333916e-02,8.477684e-01,6.974396e+01,1.850714e+01,5.608000e+01,1.430000e+00,1.731686e+01,9.979457e-01,1.685911e-02,1.062549e-03,2.125097e-04,5.179937e-01,5.013815e-01,5.868031e-05,-2.941350e+00,4.154338e+00,-3.345677e+00,1.528754e+00,-2.939616e-01,1.751877e+00,5.171070e-03,8.332507e-01,-1.587142e-02,6.532430e-04,1.687962e-02,1.652466e-02,1.622638e-02,3.275103e-02,-1.429445e-01,1.234991e-01,2.664436e-01,5.639271e-02,8.111464e-01,7.516196e+01,1.618750e+01,5.608000e+01,1.430000e+00,1.607458e+01,9.973082e-01,2.068428e-02,1.487568e-03,2.833463e-04,5.167894e-01,4.957846e-01,4.476811e-05,-2.960959e+00,4.214684e+00,-3.429826e+00,1.590776e+00,-3.141211e-01,1.325217e+00,5.171070e-03,5.454417e-03,-1.242424e-02,2.700448e-04,1.325359e-02,1.269428e-02,1.298354e-02,2.567782e-02,-1.157388e-01,1.012142e-01,2.169530e-01,4.444660e-02,4.913543e-01,6.755631e+01,1.618750e+01,5.608000e+01,1.430000e+00,1.676239e+01,9.970957e-01,2.330524e-02,1.558405e-03,3.541829e-04,5.231652e-01,4.976975e-01,2.917677e-05,-2.927834e+00,4.112417e+00,-3.288924e+00,1.490422e+00,-2.819252e-01,9.789416e-01,5.171070e-03,6.861939e-01,-9.572727e-03,5.014598e-04,1.067411e-02,1.007419e-02,1.017265e-02,2.024683e-02,-9.299926e-02,8.050922e-02,1.735085e-01,3.523446e-02,3.150629e-01,6.253416e+01,1.438889e+01,5.607000e+01,1.430000e+00,1.581761e+01,9.970248e-01,4.313948e-02,1.983424e-03,4.958560e-04,5.181354e-01,4.990436e-01,1.807364e-05,-2.950443e+00,4.190380e+00,-3.402936e+00,1.576285e+00,-3.120218e-01,8.535306e-01,2.255437e-01,2.258270e-01,-7.620049e-03,3.034234e-04,8.087033e-03,7.923472e-03,7.783610e-03,1.570708e-02,-8.152623e-02,6.894508e-02,1.504713e-01,2.837930e-02,2.140946e-01,6.217113e+01,1.618750e+01,5.608000e+01,1.430000e+00,1.602467e+01,9.984416e-01,8.953035e-01,2.691790e-03,4.958560e-04,5.217484e-01,4.988310e-01,1.151520e-05,-2.960963e+00,4.220188e+00,-3.443047e+00,1.605159e+00,-3.218068e-01,1.002827e-01,8.328965e-01,8.331798e-01,-2.044915e-04,3.748806e-07,2.005205e-04,2.048664e-04,2.001456e-04,4.050120e-04,-1.178001e-03,1.093009e-03,2.271011e-03,1.563752e-03,2.728654e+00,4.076957e+02,5.914000e+01,8.574000e+01,3.254000e+01,2.660000e+01,9.993625e-01,3.754339e-03,4.958560e-04,7.083658e-05,5.248654e-01,4.969182e-01,2.416328e-07,-1.708627e+00,1.274456e+00,5.375201e-02,-6.218912e-01,4.007867e-01,1.923950e-01,8.328965e-01,8.331090e-01,-3.908713e-05,-5.743641e-07,3.762289e-05,3.851277e-05,3.819726e-05,7.671003e-05,-1.014248e-03,8.791328e-04,1.893381e-03,2.904845e-03,1.278454e+00,5.154598e+02,6.474500e+01,1.181000e+02,1.139000e+01,5.335500e+01,9.993625e-01,6.304455e-03,5.666926e-04,2.125097e-04,5.314537e-01,4.977683e-01,1.117906e-06,-1.556479e+00,1.111893e+00,1.191873e-01,-5.753132e-01,3.763869e-01,3.689355e+02,4.213360e-01,4.215485e-01,-1.148438e+01,0.000000e+00,1.148438e+01,1.148438e+01,1.148438e+01,2.296875e+01,-5.742188e+01,5.719219e+01,1.146141e+02,2.156040e+01,1.430159e-01,7.426716e+00,2.735400e+01,5.877000e+01,1.410000e+00,2.013073e+01,9.984416e-01,3.061557e-01,1.629241e-03,2.125097e-04,5.166478e-01,4.709883e-01,8.583511e+01,-1.375727e+00,7.866564e-01,3.353266e-01,-5.809309e-01,3.134691e-01,6.976758e+02,5.029397e-03,6.497840e-01,-2.440430e+01,0.000000e+00,2.440430e+01,2.440430e+01,2.440430e+01,4.880859e+01,-9.331055e+01,9.020976e+01,1.835203e+02,3.973833e+01,1.103213e-01,6.004443e+00,1.120555e+01,1.877000e+01,1.410000e+00,6.079124e+00,9.978040e-01,1.229015e-01,4.958560e-04,1.416732e-04,5.067300e-01,4.893376e-01,2.978429e+02,-1.374128e+00,7.731929e-01,3.416678e-01,-5.837947e-01,3.048322e-01,1.444160e+03,2.885174e-01,2.888716e-01,-2.727539e+01,0.000000e+00,2.727539e+01,2.727539e+01,2.727539e+01,5.455078e+01,-1.091016e+02,1.091016e+02,2.182031e+02,5.202514e+01,4.507853e-01,3.636191e+01,1.951000e+01,5.612000e+01,1.410000e+00,2.042522e+01,9.986541e-01,1.493943e-01,9.208755e-04,4.250195e-04,4.859734e-01,4.904711e-01,4.472010e+02,-1.461466e+00,8.442074e-01,3.222449e-01,-6.262922e-01,3.270381e-01,3.535752e+03,2.578451e-02,2.599702e-02,-3.445312e+01,0.000000e+00,3.445312e+01,3.445312e+01,3.445312e+01,6.890625e+01,-1.650879e+02,1.562449e+02,3.213328e+02,7.741396e+01,8.462510e-01,9.994263e+01,1.381333e+01,3.710000e+01,2.070000e+00,1.646636e+01,9.992917e-01,4.377701e-02,6.375292e-04,7.083658e-05,5.116889e-01,4.906128e-01,8.201231e+02,-1.575503e+00,1.008161e+00,2.277741e-01,-6.565982e-01,3.707355e-01,3.318992e-01,8.328965e-01,8.331798e-01,-2.821356e-03,7.696077e-06,2.701133e-03,2.829052e-03,2.693437e-03,5.522489e-03,-1.553455e-02,1.630150e-02,3.183605e-02,8.152021e-03,1.630078e+00,1.090267e+02,3.237250e+01,8.557000e+01,5.160000e+00,3.176517e+01,9.987958e-01,1.303393e-02,7.792024e-04,2.125097e-04,5.283366e-01,4.991144e-01,6.459124e-06,-1.724351e+00,1.280890e+00,4.648376e-02,-6.161550e-01,3.924370e-01,9.843979e+02,2.578451e-02,2.606786e-02,-2.065569e+01,2.374695e-01,2.054346e+01,2.089316e+01,2.030599e+01,4.119915e+01,-8.297583e+01,7.989621e+01,1.628720e+02,3.691179e+01,4.990296e-01,2.292353e+01,1.951000e+01,5.611000e+01,1.410000e+00,2.042072e+01,9.984416e-01,6.970319e-02,7.083658e-04,1.416732e-04,5.109096e-01,4.973432e-01,2.238487e+02,-1.466737e+00,8.459472e-01,3.236633e-01,-6.293132e-01,3.245341e-01,1.441559e+00,5.029397e-03,2.166183e-01,-9.032507e-02,2.783299e-04,8.819246e-02,9.060340e-02,8.791413e-02,1.785175e-01,-3.305283e-01,3.259190e-01,6.564472e-01,1.377659e-01,1.355222e-02,3.549552e+00,5.897727e+00,2.270000e+01,1.410000e+00,5.017925e+00,9.936247e-01,4.980520e-01,6.162783e-03,4.958560e-04,4.855483e-01,5.044279e-01,3.828658e-03,-1.336106e+00,6.786993e-01,3.818343e-01,-5.526275e-01,2.670802e-01,5.572926e+06,2.578451e-02,2.606786e-02,-3.933451e+04,4.655000e+01,4.031290e+04,3.938106e+04,4.026635e+04,7.964741e+04,-2.140273e+05,1.983555e+05,4.123828e+05,9.985636e+04,1.582397e+00,1.708387e+02,4.340000e+00,4.340000e+00,4.340000e+00,0.000000e+00,9.997166e-01,6.233619e-03,2.125097e-04,7.083658e-05,5.262114e-01,5.008147e-01,1.411170e+09,-1.554179e+00,9.891708e-01,2.392309e-01,-6.443213e-01,3.565079e-01,2.856588e+01,6.480131e-01,6.482964e-01,-3.343170e-01,-2.514935e-03,3.307112e-01,3.318021e-01,3.332261e-01,6.650282e-01,-1.598425e+00,1.592370e+00,3.190795e+00,6.480602e-01,5.746143e-01,7.197765e+01,9.217000e+01,9.217000e+01,9.217000e+01,0.000000e+00,9.997875e-01,2.952469e-01,2.833463e-04,1.416732e-04,5.080051e-01,5.018774e-01,5.749573e-02,-1.548051e+00,9.302438e-01,3.066270e-01,-6.486700e-01,3.299507e-01,3.775114e+03,6.480131e-01,6.482964e-01,-1.288443e+01,-1.463470e-02,1.249658e+01,1.286979e+01,1.251121e+01,2.538100e+01,-6.004935e+01,6.356439e+01,1.236137e+02,4.286763e+01,1.876210e+00,9.783830e+02,9.217000e+01,9.217000e+01,9.217000e+01,0.000000e+00,9.997875e-01,1.331728e-02,2.125097e-04,1.416732e-04,5.182771e-01,5.003188e-01,1.608186e+02,-1.740531e+00,1.192576e+00,2.119444e-01,-7.032624e-01,3.701903e-01,4.037937e-02,8.331090e-01,8.328965e-01,-8.997651e-05,1.783256e-06,9.320587e-05,9.175977e-05,9.142261e-05,1.831824e-04,-8.611343e-04,8.567838e-04,1.717918e-03,6.865539e-04,-1.934840e+00,3.174005e+02,3.238250e+01,5.964000e+01,1.139000e+01,1.750328e+01,9.994333e-01,9.939080e-01,8.500390e-04,1.416732e-04,4.734344e-01,5.004605e-01,5.282040e-08,-1.646424e+00,1.170843e+00,1.221711e-01,-6.178528e-01,3.797286e-01,7.054940e-01,2.578451e-02,2.606786e-02,-1.890281e-02,2.824843e-04,1.874644e-02,1.918530e-02,1.846396e-02,3.764926e-02,-7.208096e-02,6.884184e-02,1.409228e-01,3.103402e-02,2.303671e-01,1.138417e+01,1.951000e+01,5.611000e+01,1.420000e+00,2.042057e+01,9.986541e-01,1.134802e-01,6.375292e-04,7.083658e-05,5.039671e-01,4.981934e-01,1.692755e-04,-1.422369e+00,7.934249e-01,3.472767e-01,-6.103110e-01,3.086398e-01,8.644234e-02,8.328965e-01,8.331090e-01,-1.100683e-04,-9.827781e-07,1.078719e-04,1.090855e-04,1.088547e-04,2.179402e-04,-9.594347e-04,8.298015e-04,1.789236e-03,1.370336e-03,2.306082e+00,4.094543e+02,3.938000e+01,8.560000e+01,5.120000e+00,3.392677e+01,9.990791e-01,4.108522e-03,4.958560e-04,7.083658e-05,5.255030e-01,4.970599e-01,1.799038e-07,-1.747713e+00,1.407791e+00,-1.221506e-01,-5.029045e-01,3.680141e-01,1.043074e+01,1.105051e-02,5.100234e-03,-3.397474e-01,1.909256e-03,3.479031e-01,3.416567e-01,3.459938e-01,6.876505e-01,-1.560019e+00,1.616471e+00,3.176490e+00,6.165123e-01,-5.321774e-01,1.112441e+01,2.790816e+00,7.670000e+00,1.410000e+00,1.192353e+00,9.991500e-01,9.885953e-01,2.727208e-02,1.629241e-03,4.893738e-01,5.023733e-01,5.398393e-02,-1.561262e+00,9.998968e-01,2.237832e-01,-6.356463e-01,3.485546e-01,1.029156e+01,9.638025e-01,8.358716e-01,-5.334106e-01,-1.073301e-04,5.157059e-01,5.333033e-01,5.158133e-01,1.049117e+00,-1.916229e+00,1.987770e+00,3.903999e+00,8.187072e-01,-1.211951e-01,5.248595e+00,4.516000e+00,1.301000e+01,1.420000e+00,2.614246e+00,9.978749e-01,8.140540e-01,1.197138e-02,9.917121e-04,4.990082e-01,4.977683e-01,1.037507e-01,-1.486468e+00,9.383141e-01,2.600942e-01,-6.180818e-01,3.488361e-01,1.020310e+01,6.559467e-01,8.328257e-01,-6.466962e-01,-3.882694e-03,6.363088e-01,6.428134e-01,6.401916e-01,1.283005e+00,-2.353515e+00,2.350424e+00,4.703938e+00,9.838967e-01,1.072982e-01,3.730763e+00,1.706867e+00,3.830000e+00,1.410000e+00,3.759420e-01,9.109584e-01,9.407098e-02,1.416732e-03,1.416732e-04,4.985123e-01,5.019483e-01,1.665099e-01,-1.424715e+00,8.795626e-01,2.845290e-01,-6.073000e-01,3.468537e-01,1.060448e+01,7.091450e-01,6.875398e-01,-8.136314e-01,-8.435810e-03,8.212585e-01,8.051956e-01,8.296943e-01,1.634890e+00,-2.822975e+00,2.856463e+00,5.679438e+00,1.216232e+00,2.425999e-02,3.097367e+00,3.713684e+00,1.302000e+01,1.420000e+00,2.505375e+00,9.851243e-01,4.871432e-01,1.459234e-02,4.250195e-04,5.000709e-01,5.004605e-01,2.515505e-01,-1.417648e+00,8.791624e-01,2.820535e-01,-5.918006e-01,3.442308e-01,1.227664e+01,9.545229e-01,2.254728e-01,-9.225276e-01,2.688408e-04,9.136343e-01,9.227964e-01,9.133655e-01,1.836162e+00,-3.132836e+00,3.232390e+00,6.365226e+00,1.367585e+00,2.047529e-02,3.062859e+00,1.880800e+00,3.010000e+00,1.410000e+00,4.284600e-01,9.981583e-01,7.452008e-01,5.808600e-02,1.770915e-03,4.961745e-01,5.008147e-01,3.276292e-01,-1.410908e+00,8.615683e-01,2.922395e-01,-5.996695e-01,3.435230e-01,1.214265e+01,6.524757e-01,6.609053e-02,-1.018753e+00,-4.857856e-03,1.032697e+00,1.013896e+00,1.037555e+00,2.051451e+00,-3.594541e+00,3.611175e+00,7.205716e+00,1.532993e+00,4.304284e-03,3.088819e+00,2.353000e+00,8.830000e+00,1.410000e+00,1.090924e+00,9.713820e-01,4.602253e-01,1.919671e-02,8.500390e-04,4.975205e-01,4.962806e-01,3.972631e-01,-1.424610e+00,8.908050e-01,2.749306e-01,-6.027206e-01,3.596527e-01,1.423723e+01,6.857689e-01,8.358008e-01,-1.114136e+00,1.235676e-03,1.115708e+00,1.115371e+00,1.114472e+00,2.229843e+00,-3.954966e+00,3.851651e+00,7.806616e+00,1.659246e+00,-1.116078e-04,3.137203e+00,2.391695e+00,4.990000e+00,1.410000e+00,7.535591e-01,9.681236e-01,3.824467e-01,7.862860e-03,3.541829e-04,4.990790e-01,5.011690e-01,4.798432e-01,-1.403689e+00,8.586076e-01,2.894450e-01,-5.852821e-01,3.415980e-01,1.645353e+01,2.295814e-01,8.328965e-01,-1.156373e+00,5.255413e-03,1.153301e+00,1.161628e+00,1.148046e+00,2.309674e+00,-4.151341e+00,4.067924e+00,8.219265e+00,1.748669e+00,-3.770231e-02,3.318798e+00,1.932055e+00,5.180000e+00,1.410000e+00,6.680291e-01,9.978749e-01,7.822484e-01,5.511086e-02,2.125097e-03,5.011334e-01,5.015941e-01,5.430882e-01,-1.395393e+00,8.396662e-01,2.990530e-01,-5.768165e-01,3.246810e-01,1.579208e+01,6.499256e-01,8.316923e-01,-1.188983e+00,-7.008838e-03,1.178669e+00,1.181974e+00,1.185678e+00,2.367652e+00,-4.065835e+00,4.094934e+00,8.160769e+00,1.769763e+00,-2.514748e-02,3.128222e+00,1.991972e+00,4.260000e+00,1.410000e+00,5.805258e-01,9.980166e-01,7.554721e-01,6.176950e-02,1.912588e-03,4.976622e-01,5.013106e-01,5.457346e-01,-1.405654e+00,8.546143e-01,2.923114e-01,-5.832883e-01,3.345361e-01,1.417702e+01,6.498548e-01,2.256853e-01,-1.150101e+00,2.431727e-03,1.158872e+00,1.152532e+00,1.156441e+00,2.308973e+00,-4.085767e+00,3.937942e+00,8.023708e+00,1.737917e+00,-2.304284e-02,3.005790e+00,2.696923e+00,7.190000e+00,1.410000e+00,1.142665e+00,9.803783e-01,5.138485e-01,2.025926e-02,7.083658e-04,4.998583e-01,5.021608e-01,5.264298e-01,-1.409991e+00,8.626899e-01,2.807022e-01,-5.712240e-01,3.211962e-01,1.434205e+01,9.122335e-01,7.537720e-01,-1.216678e+00,-9.211207e-03,1.232553e+00,1.207467e+00,1.241764e+00,2.449232e+00,-4.152911e+00,4.194347e+00,8.347259e+00,1.798507e+00,2.503669e-02,2.981167e+00,2.145231e+00,4.920000e+00,1.410000e+00,7.878971e-01,9.567189e-01,3.879011e-01,1.112134e-02,5.666926e-04,5.014877e-01,4.956429e-01,5.562819e-01,-1.406744e+00,8.662165e-01,2.900728e-01,-5.860845e-01,3.376710e-01,1.348545e+01,2.190267e-01,5.534462e-01,-1.090084e+00,5.240595e-03,1.101873e+00,1.095325e+00,1.096632e+00,2.191957e+00,-3.914463e+00,3.852032e+00,7.766496e+00,1.651384e+00,-2.855729e-02,3.108406e+00,2.572546e+00,5.620000e+00,1.420000e+00,9.572863e-01,9.778281e-01,4.957852e-01,2.004675e-02,4.958560e-04,5.001417e-01,4.989019e-01,4.782105e-01,-1.406993e+00,8.691236e-01,2.786402e-01,-5.834869e-01,3.391902e-01,1.189624e+01,3.504994e-01,1.661826e-01,-1.013601e+00,1.615858e-03,1.019162e+00,1.015216e+00,1.017546e+00,2.032763e+00,-3.446593e+00,3.521261e+00,6.967854e+00,1.509910e+00,-1.137458e-02,2.990334e+00,2.567636e+00,6.220000e+00,1.410000e+00,1.128846e+00,9.814408e-01,5.435999e-01,2.996387e-02,9.917121e-04,5.000000e-01,5.005314e-01,4.167249e-01,-1.380192e+00,8.449686e-01,2.945384e-01,-5.875798e-01,3.433000e-01,1.041537e+01,2.279521e-01,2.450946e-01,-9.098959e-01,9.049654e-04,9.105203e-01,9.108009e-01,9.096153e-01,1.820416e+00,-3.150951e+00,3.108995e+00,6.259946e+00,1.351299e+00,-2.341702e-02,2.954218e+00,2.356610e+00,4.600000e+00,1.410000e+00,9.005942e-01,9.763406e-01,5.268825e-01,2.989304e-02,8.500390e-04,4.968830e-01,4.981934e-01,3.293798e-01,-1.384739e+00,8.483671e-01,2.976539e-01,-5.893353e-01,3.387887e-01,6.235262e+01,9.959855e-01,6.235262e+01,6.269405e+01,1.388877e+02,8.457041e-01,3.012840e-01,4.773508e-07,6.987335e-02,2.211611e-03,-1.383505e-11,6.098630e-07,6.966184e-02,2.211602e-03,5.007966e-01,5.963190e+01,6.109158e+01,6.379667e+01,1.459682e+00,2.705090e+00,4.164772e+00,5.428819e+01,7.871938e+01,2.443120e+01,6.534152e+00,8.125283e+00,1.299380e+02,4.384591e-03,1.879111e-03,8.351603e-04,6.263702e-04,4.986427e-01,5.076746e-01,2.124850e+01,-1.005645e+00,7.290308e-02,1.662093e-01,-5.397791e-02,-1.776405e-01,7.125123e-01,9.994140e-01,7.125123e-01,7.129279e-01,2.103968e-01,6.485906e-01,5.150951e-03,-2.646058e-07,5.686474e-01,1.338248e-02,-4.670322e-10,6.263103e-06,5.534422e-01,1.333623e-02,4.998732e-01,6.958772e-01,7.130479e-01,7.296731e-01,1.717067e-02,1.662523e-02,3.379589e-02,6.558129e-01,7.658761e-01,1.100632e-01,2.434030e-02,-1.235059e-01,2.987958e+00,9.964945e-01,7.171269e-01,4.964945e-02,1.645443e-03,5.013952e-01,4.894104e-01,1.834114e-04,-1.242967e+00,2.546760e-01,2.287353e-01,-2.192798e-01,-2.098872e-02,1.312964e-01,6.689343e-01,1.312964e-01,1.692822e-01,9.998579e-01,3.500986e-01,6.420118e-01,-1.002996e-07,1.313254e-01,1.142096e-02,-6.992352e-09,2.116344e-05,1.205518e-01,1.139770e-02,4.996420e-01,5.386300e-02,1.088127e-01,1.766981e-01,5.494972e-02,6.788543e-02,1.228351e-01,3.656301e-03,5.115208e-01,5.078645e-01,1.068538e-01,1.668210e+00,7.657868e+00,1.278764e-01,1.084813e-02,6.574622e-04,3.287311e-04,3.199605e-01,4.151316e-01,6.827683e-03,-6.570508e-01,-1.120377e-01,-3.037081e-02,-2.295398e-02,-9.603534e-02,1.066090e-01,6.562515e-01,1.066090e-01,1.344083e-01,9.998579e-01,7.163102e-01,6.642618e-01,4.656210e-06,9.744892e-02,6.674810e-03,3.758061e-09,-9.925066e-06,1.068757e-01,6.657010e-03,5.139946e-01,4.223383e-02,9.026690e-02,1.547871e-01,4.803307e-02,6.452022e-02,1.125533e-01,2.092172e-03,3.519719e-01,3.498797e-01,8.185425e-02,1.269768e+00,7.462890e+00,5.488276e-02,7.729966e-04,2.576656e-04,2.576656e-04,2.788660e-01,3.619490e-01,3.340106e-03,-7.855424e-01,-8.130949e-02,9.068123e-03,4.116002e-03,-7.195192e-02,1.700206e-01,7.444666e-01,1.700206e-01,2.041952e-01,8.491623e-01,9.660797e-01,1.418880e-01,1.318446e-06,1.949285e-01,1.772853e-02,-1.228942e-09,9.831329e-06,1.851018e-01,1.770920e-02,5.037295e-01,8.661159e-02,1.503340e-01,2.313831e-01,6.372244e-02,8.104903e-02,1.447715e-01,4.059499e-03,5.199909e-01,5.159314e-01,1.130869e-01,1.107220e+00,5.008755e+00,3.009526e-01,3.146651e-02,2.453811e-03,7.217090e-04,3.333333e-01,3.660121e-01,3.679456e-03,-1.176203e+00,2.630218e-01,1.254202e-01,-9.809223e-02,-6.983363e-02,-2.975426e+01,3.345799e-01,3.698487e+00,5.293562e+01,1.120988e+02,6.484303e-01,6.378003e-04,-2.124775e-06,6.416315e-01,1.524670e-01,-1.417366e-09,1.787425e-05,5.946038e-01,1.520245e-01,5.068760e-01,-6.643718e+01,1.983736e+00,3.891289e+00,6.842091e+01,1.907553e+00,7.032847e+01,-1.000000e+02,7.357671e+00,1.073577e+02,4.378201e+01,-7.445503e-01,1.780056e+00,7.679824e-01,6.803912e-01,5.881227e-01,5.611225e-01,4.237420e-01,4.150542e-01,1.311153e+02,-1.724933e+00,7.892494e-01,4.963969e-01,-7.942058e-01,2.892903e-01,-1.525598e-04,1.196622e-01,3.366742e-04,1.098385e-02,1.025468e+00,3.464603e-04,0.000000e+00,1.034491e-07,8.969194e-01,1.146379e-04,-5.972755e-11,6.205702e-07,8.961732e-01,1.145265e-04,9.034169e-02,-6.369616e-05,2.659846e-07,6.192848e-05,6.396215e-05,6.166250e-05,1.256246e-04,-1.697315e-03,2.058420e-03,3.755735e-03,1.098279e-02,-7.182525e+01,5.822498e+03,9.998845e-01,9.998845e-01,9.997690e-01,7.737614e-03,5.100485e-01,5.015594e-01,1.017533e-04,-3.932348e-01,1.082988e-01,8.969477e-02,-7.023996e-03,-7.571565e-02,-1.201672e-07,1.842894e-01,2.275618e-06,1.986224e-05,1.579444e-03,0.000000e+00,5.674966e-04,3.234710e-08,4.976027e-01,1.581192e-04,-1.147093e-11,1.940414e-07,4.972229e-01,1.580903e-04,1.037998e-01,-4.493013e-07,3.310435e-09,4.497820e-07,4.526118e-07,4.464715e-07,8.990833e-07,-1.563016e-05,1.492554e-05,3.055570e-05,1.986187e-05,-5.853814e+00,7.454223e+02,9.996453e-01,3.731290e-02,1.418742e-04,7.093708e-05,4.826901e-01,4.984037e-01,1.422464e-10,-1.066636e+00,4.121535e-01,1.359249e-01,-1.250337e-01,3.154540e-02,3.364462e-07,1.997677e-01,3.575704e-06,1.239580e-05,4.039113e-04,1.544004e-03,5.146680e-03,-3.171098e-06,2.490565e-01,9.379820e-04,7.950095e-09,-1.861018e-05,2.540510e-01,9.329775e-04,1.916852e-01,-8.563308e-07,-5.928204e-09,8.581659e-07,8.504026e-07,8.640941e-07,1.714497e-06,-2.525995e-05,2.267494e-05,4.793489e-05,1.239123e-05,1.245875e+01,2.838409e+02,1.477097e-01,2.058672e-03,1.029336e-03,5.146681e-04,4.994851e-01,4.935600e-01,1.231925e-10,-3.390623e-01,-1.739934e-01,1.077897e-01,-1.716714e-01,1.285070e-01,4.505666e-08,1.672483e-01,2.340054e-06,6.989036e-06,2.702607e-04,7.217611e-04,5.052328e-03,-5.810176e-07,2.981460e-01,6.685137e-04,8.370666e-10,-2.899692e-06,2.992161e-01,6.682842e-04,2.315120e-01,-7.587479e-07,9.274505e-14,7.989312e-07,7.587480e-07,7.989311e-07,1.557679e-06,-1.898699e-05,1.745950e-05,3.644649e-05,6.988891e-06,6.518944e+00,2.355740e+02,9.841213e-01,1.082642e-03,3.608805e-04,3.608805e-04,5.028881e-01,5.059589e-01,3.685104e-11,-5.149573e-01,1.980082e-01,-1.190691e-01,1.562454e-01,5.163939e-02,-1.031662e-05,9.076047e-02,5.032060e-06,3.742005e-04,1.815009e-02,1.749271e-03,0.000000e+00,6.596713e-07,9.793914e-01,4.237778e-04,-6.396306e-10,3.949931e-06,9.765711e-01,4.221851e-04,7.084945e-02,-1.846080e-06,-1.454686e-08,1.707982e-06,1.831533e-06,1.722528e-06,3.554062e-06,-4.341560e-05,3.447746e-05,7.789306e-05,3.740582e-04,-4.112158e+01,1.771593e+03,9.996113e-01,9.994169e-01,9.992225e-01,9.990282e-01,5.161353e-01,4.985417e-01,6.196041e-08,-8.887995e-01,1.766860e-01,9.831145e-02,-3.259452e-02,-1.620360e-02,-2.502727e-04,5.932679e-02,3.625277e-03,3.824827e-02,3.026988e+00,9.655617e-04,5.632443e-04,3.993091e-08,5.703353e-01,1.596349e-04,-1.604234e-11,2.392890e-07,5.699224e-01,1.596008e-04,9.546280e-02,-3.294331e-04,2.444469e-06,3.363378e-04,3.318776e-04,3.338934e-04,6.657710e-04,-2.524644e-02,2.485185e-02,5.009829e-02,3.824745e-02,-1.110945e+01,9.812850e+02,9.997586e-01,9.987126e-01,3.218539e-04,1.609269e-04,4.677718e-01,5.036215e-01,5.961308e-05,-1.991776e+00,1.418535e+00,2.123944e-01,-8.353981e-01,4.252313e-01,6.788777e-01,1.518000e-01,1.020000e+00,2.000000e-02,1.807561e-01,3.156347e-01,9.926884e-01,3.198270e-01,2.851020e+00,2.328991e+00,1.229366e+00,8.855904e-01,7.009234e-01,3.852887e-01,2.220679e+00,4.146233e-02,1.995862e+00,3.572855e+00,1.249735e+00,2.004062e+00,-5.219429e-05,4.260813e-02,1.377923e-03,1.203158e-06,-2.220081e-04,4.660243e-02,1.374731e-03,4.972644e-01,9.981085e-01,9.955384e-01,1.004695e+00,1.724691e+00,1.160442e+00,2.075207e+00,8.418198e-01,1.576576e+00,5.784671e-01,1.579563e+00,9.934724e-02,1.918137e+00,4.166728e+00,6.041211e+00,6.154480e+00,-1.195295e-05,1.214300e-01,2.170401e-03,5.671743e-07,-9.200394e-05,1.233129e-01,2.169691e-03,4.996173e-01,6.099392e-03,9.787028e-01,6.294848e-03,1.305701e+00,1.008962e+00,3.202761e-02,8.888869e-01,1.222690e-02,6.127506e-03,2.004609e+00,1.383449e-01,5.081328e-02,9.438784e-02,4.156226e-02,6.914517e-02,-1.736123e-05,7.084488e-02,1.865513e-03,-7.223102e-07,8.458563e-05,6.844692e-02,1.864363e-03,4.987583e-01,3.307530e-02,9.763885e-01,3.389876e-02,4.178571e-01,2.668611e-01,9.082893e-02,7.931793e-01,4.426776e-02,1.119246e-02,1.338393e+00,2.816281e-01,1.559256e-01,1.065545e-01,1.483117e-01,1.019504e-01,-9.292449e-05,2.249864e-01,4.191424e-03,3.508272e-06,-5.880820e-04,2.366334e-01,4.164282e-03,4.961803e-01,1.313441e-01,9.859574e-01,1.332616e-01,3.026509e-01,2.006062e-01,3.267177e-01,8.377243e-01,1.688538e-01,3.750964e-02,1.285583e+00,2.521026e-01,7.924361e-01,4.950985e-01,6.340852e-01,4.345136e-01,4.296102e-06,1.816967e-01,3.335700e-03,-3.975671e-07,6.040872e-05,1.803768e-01,3.335351e-03,5.001146e-01,2.754211e-01,9.901348e-01,2.783082e-01,2.271405e-01,1.446487e-01,5.309172e-01,8.287188e-01,3.405111e-01,6.509003e-02,1.236329e+00,2.162206e-01,1.607908e+00,9.488765e-01,1.412720e+00,8.702425e-01,5.268979e-06,1.756920e-01,3.895012e-03,-3.677178e-07,5.716867e-05,1.744712e-01,3.894714e-03,5.001087e-01,4.243186e-01,9.908180e-01,4.285136e-01,1.897039e-01,1.169470e-01,6.027623e-01,7.929325e-01,5.094638e-01,8.514526e-02,1.200664e+00,2.662369e-01,2.270394e+00,1.333492e+00,2.120732e+00,1.258288e+00,8.164999e-07,2.278302e-01,6.191217e-03,3.657339e-08,-4.345468e-06,2.279516e-01,6.191214e-03,4.999818e-01,5.606583e-01,9.909848e-01,5.659439e-01,1.899461e-01,1.167045e-01,8.452199e-01,8.289054e-01,6.720456e-01,1.113873e-01,1.198672e+00,2.536395e-01,3.065934e+00,1.785073e+00,2.868721e+00,1.810193e+00,-5.612150e-06,2.338255e-01,5.727029e-03,1.280244e-07,-2.368152e-05,2.342505e-01,5.726994e-03,4.998446e-01,6.769813e-01,9.915191e-01,6.827946e-01,1.612242e-01,9.762248e-02,7.587110e-01,7.621640e-01,7.965568e-01,1.195755e-01,1.176630e+00,3.465889e-01,3.707416e+00,1.980897e+00,3.430764e+00,1.846532e+00,-2.097087e-06,2.711419e-01,7.976884e-03,4.436959e-07,-6.472031e-05,2.726150e-01,7.976450e-03,4.999283e-01,7.737159e-01,9.918966e-01,7.806969e-01,2.548101e-01,1.669814e-01,1.427738e+00,8.454394e-01,9.414471e-01,1.677312e-01,1.216787e+00,1.935420e-01,3.975533e+00,2.994255e+00,3.318738e+00,2.369377e+00,-2.644013e-06,1.619609e-01,3.804969e-03,4.611104e-07,-6.772514e-05,1.634917e-01,3.804500e-03,4.998967e-01,8.560803e-01,9.917213e-01,8.634175e-01,1.875100e-01,1.148957e-01,1.187378e+00,7.960584e-01,1.021696e+00,1.656153e-01,1.193458e+00,2.737705e-01,4.618802e+00,2.501074e+00,4.282592e+00,2.572808e+00,-2.751657e-06,2.347736e-01,5.670787e-03,3.094840e-07,-4.643223e-05,2.358010e-01,5.670576e-03,4.999081e-01,9.259922e-01,9.930137e-01,9.329213e-01,1.979354e-01,1.226456e-01,1.249891e+00,8.007169e-01,1.096416e+00,1.704236e-01,1.184044e+00,2.490189e-01,4.433849e+00,2.769072e+00,4.248146e+00,2.640685e+00,-7.642838e-06,2.243835e-01,5.286177e-03,3.914492e-07,-6.289198e-05,2.256831e-01,5.285840e-03,4.998130e-01,9.914972e-01,9.924507e-01,1.000113e+00,3.095165e-01,2.059978e-01,2.013132e+00,8.594765e-01,1.234782e+00,2.432852e-01,1.245372e+00,1.480613e-01,4.630011e+00,4.055107e+00,4.182069e+00,3.750828e+00,4.670853e-06,1.593916e-01,3.127469e-03,2.159568e-07,-2.580930e-05,1.601086e-01,3.127367e-03,5.000944e-01,1.054308e+00,9.910432e-01,1.066618e+00,5.543478e-01,4.084172e-01,2.584710e+00,8.278474e-01,1.431537e+00,3.772292e-01,1.357798e+00,1.167591e-01,4.724730e+00,5.236451e+00,4.437442e+00,5.732664e+00,1.082942e-05,1.396838e-01,2.678195e-03,3.257113e-07,-3.514147e-05,1.407651e-01,2.677961e-03,5.003418e-01,1.113158e+00,9.915366e-01,1.124681e+00,3.331442e-01,2.229672e-01,2.329312e+00,8.564413e-01,1.409658e+00,2.965006e-01,1.266360e+00,1.526025e-01,4.944439e+00,4.714482e+00,5.158483e+00,4.784735e+00,1.109559e-05,1.533300e-01,3.485912e-03,2.362594e-07,-2.225006e-05,1.541143e-01,3.485789e-03,5.002835e-01,1.168104e+00,9.942068e-01,1.176061e+00,5.909283e-01,4.189034e-01,2.731142e+00,8.766730e-01,1.480913e+00,3.128089e-01,1.267792e+00,1.002714e-01,3.981843e+00,4.573716e+00,3.769657e+00,4.248812e+00,-3.388583e-06,1.200916e-01,1.921773e-03,1.554775e-07,-2.533268e-05,1.206078e-01,1.921720e-03,4.998583e-01,1.228441e+00,9.923002e-01,1.239729e+00,4.076744e-01,2.716901e-01,2.774352e+00,8.304986e-01,1.564589e+00,3.361475e-01,1.273637e+00,1.494616e-01,5.630306e+00,6.408831e+00,5.020986e+00,4.356672e+00,-3.056511e-06,1.459026e-01,2.496434e-03,3.072806e-07,-4.642609e-05,1.469227e-01,2.496226e-03,4.998668e-01,1.285708e+00,9.913527e-01,1.301477e+00,1.062803e+00,7.826602e-01,3.602831e+00,8.568487e-01,1.967679e+00,6.819712e-01,1.530425e+00,8.516159e-02,4.770512e+00,7.298351e+00,6.420571e+00,7.768708e+00,-1.995375e-06,1.032484e-01,2.307550e-03,4.418939e-07,-6.436427e-05,1.047154e-01,2.307119e-03,4.998878e-01,1.342122e+00,9.895525e-01,1.364464e+00,1.940139e+00,1.473156e+00,5.329216e+00,8.699797e-01,2.575330e+00,1.233208e+00,1.918849e+00,6.251488e-02,5.650742e+00,1.010955e+01,1.069621e+01,1.265916e+01,-3.626932e-06,8.627626e-02,1.611525e-03,4.234943e-07,-6.339892e-05,8.768220e-02,1.611130e-03,4.997699e-01,1.391322e+00,9.900615e-01,1.414451e+00,2.450877e+00,2.006634e+00,5.510544e+00,8.645951e-01,2.883315e+00,1.491992e+00,2.072355e+00,6.298786e-02,4.298947e+00,8.257063e+00,1.440242e+01,1.417831e+01,-6.920818e-06,9.287544e-02,1.597375e-03,5.502941e-07,-8.458933e-05,9.470233e-02,1.596707e-03,4.995916e-01,1.432904e+00,9.909121e-01,1.452836e+00,1.967606e+00,1.501276e+00,5.239709e+00,8.546579e-01,2.640094e+00,1.207190e+00,1.842478e+00,6.490231e-02,4.378871e+00,7.957861e+00,1.082407e+01,1.188801e+01,-8.754301e-06,9.217649e-02,1.530186e-03,4.290972e-07,-6.931707e-05,9.360103e-02,1.529780e-03,4.995240e-01,1.462571e+00,9.915463e-01,1.480026e+00,1.149754e+00,8.661727e-01,3.896814e+00,8.165280e-01,2.335896e+00,8.733250e-01,1.597116e+00,1.322797e-01,4.737531e+00,6.751598e+00,8.955912e+00,9.119095e+00,-1.405234e-05,1.409430e-01,2.254876e-03,5.202157e-07,-8.747558e-05,1.426700e-01,2.254279e-03,4.994252e-01,1.468881e+00,9.933280e-01,1.481783e+00,8.314286e-01,5.659136e-01,3.175115e+00,8.434374e-01,2.061023e+00,5.921429e-01,1.403125e+00,1.778536e-01,3.924598e+00,4.661767e+00,6.990910e+00,7.959631e+00,-1.651982e-05,1.336488e-01,2.686071e-03,3.495418e-07,-6.585415e-05,1.348093e-01,2.685802e-03,4.994666e-01,1.446100e+00,9.916130e-01,1.464116e+00,1.767975e+00,1.247453e+00,4.495715e+00,8.355297e-01,2.519867e+00,1.073768e+00,1.742527e+00,8.401321e-02,4.134619e+00,7.464645e+00,9.791414e+00,1.047588e+01,-2.049630e-05,1.168355e-01,1.810319e-03,5.884901e-07,-1.035558e-04,1.187892e-01,1.809555e-03,4.990675e-01,1.371887e+00,9.913175e-01,1.389832e+00,1.724691e+00,1.305380e+00,4.357813e+00,8.337457e-01,2.408703e+00,1.036816e+00,1.755759e+00,1.134439e-01,4.711598e+00,1.078753e+01,1.062473e+01,1.118606e+01,-2.157338e-05,1.132617e-01,1.813342e-03,5.910096e-07,-1.049885e-04,1.152238e-01,1.812571e-03,4.989978e-01,1.244839e+00,9.909504e-01,1.261992e+00,1.790769e+00,1.518998e+00,4.213423e+00,8.363584e-01,2.247437e+00,1.002597e+00,1.805403e+00,1.057110e-01,4.383100e+00,1.030126e+01,1.072146e+01,1.004705e+01,-1.838948e-05,1.101006e-01,1.693680e-03,5.622537e-07,-9.774596e-05,1.119672e-01,1.692983e-03,4.990892e-01,1.079807e+00,9.909561e-01,1.095139e+00,1.683012e+00,1.403578e+00,3.581410e+00,8.551735e-01,1.917436e+00,8.376291e-01,1.775721e+00,1.139178e-01,5.139452e+00,1.022102e+01,8.148317e+00,8.017840e+00,-1.838016e-05,1.176764e-01,1.900710e-03,6.352489e-07,-1.080392e-04,1.197853e-01,1.899820e-03,4.991261e-01,9.042359e-01,9.916446e-01,9.157759e-01,1.768228e+00,1.379334e+00,2.730390e+00,8.450121e-01,1.590854e+00,6.866183e-01,1.759335e+00,1.096470e-01,3.890675e+00,7.681761e+00,6.822108e+00,7.045486e+00,-2.081920e-05,1.277812e-01,2.010943e-03,6.343622e-07,-1.103531e-04,1.298872e-01,2.010056e-03,4.990895e-01,7.407970e-01,9.919521e-01,7.496036e-01,1.411111e+00,1.186627e+00,1.946439e+00,8.320805e-01,1.223653e+00,4.828563e-01,1.651806e+00,1.122645e-01,2.227409e+00,3.596207e+00,4.787302e+00,5.603636e+00,-1.921494e-05,1.212680e-01,2.397976e-03,5.911710e-07,-1.026528e-04,1.232306e-01,2.397205e-03,4.992509e-01,5.996271e-01,9.918336e-01,6.068093e-01,1.518261e+00,1.453681e+00,1.798725e+00,8.565137e-01,1.021358e+00,4.217314e-01,1.703323e+00,1.200989e-01,2.644186e+00,4.346315e+00,4.494336e+00,4.444026e+00,-1.670742e-05,1.106080e-01,1.964258e-03,4.973951e-07,-8.690977e-05,1.122593e-01,1.963713e-03,4.992763e-01,3.036839e-03,8.835529e-01,5.300819e-03,9.557692e+00,1.180918e+01,1.721516e-01,8.820913e-01,7.561892e-02,7.258208e-02,1.535275e+01,9.312326e-03,5.167454e-01,9.977922e-01,2.386964e-01,3.575753e-01,6.150598e-06,1.121632e-02,4.955261e-04,2.532677e-07,-2.959560e-05,1.205713e-02,4.953847e-04,5.046139e-01,1.159264e-03,6.316251e-01,7.771011e-03,9.751667e+00,8.761316e+00,2.927559e-01,8.821372e-01,1.263883e-01,1.252290e-01,1.946832e+01,8.580547e-04,6.670628e-01,1.227243e+00,4.128259e-01,7.293728e-01,8.131143e-06,2.071184e-03,5.359856e-04,3.025688e-07,-3.457342e-05,3.075667e-03,5.357837e-04,5.273449e-01,1.068356e+02,8.697129e-01,1.234768e+02,2.379899e-01,1.774812e-01,6.029297e+02,8.936170e-01,2.268552e+02,1.200196e+02,2.123405e+00,4.255319e-01,2.787035e+03,2.642292e+03,3.118257e+03,2.665029e+03,1.187227e-05,9.367608e-02,8.418984e-03,2.883383e-06,-3.950884e-04,1.032485e-01,8.400650e-03,5.008465e-01,2.575594e+02,8.912858e-01,2.836339e+02,1.715591e-01,1.139196e-01,1.263281e+03,8.712871e-01,4.334406e+02,1.758813e+02,1.682876e+00,2.772277e-01,5.565594e+03,3.881657e+03,5.485046e+03,4.214830e+03,-2.479021e-05,1.496856e-01,6.711599e-03,3.269822e-06,-4.862929e-04,1.605409e-01,6.688022e-03,4.983231e-01,5.312561e+02,9.587871e-01,5.554644e+02,5.670040e-01,4.193213e-01,3.014648e+03,8.786611e-01,8.135732e+02,2.823171e+02,1.531414e+00,1.255230e-01,4.757034e+03,4.792827e+03,4.670985e+03,5.995689e+03,-6.314144e-05,1.341932e-01,2.228249e-03,2.905276e-06,-4.731921e-04,1.438383e-01,2.209636e-03,4.951681e-01,8.781672e+02,9.742823e-01,9.125359e+02,2.218197e+00,1.798474e+00,6.029297e+03,8.750000e-01,1.931737e+03,1.053570e+03,2.199737e+00,1.229167e-01,8.814168e+03,2.240891e+04,8.748436e+03,1.820105e+04,-7.968908e-05,1.205674e-01,1.285648e-03,2.437301e-06,-4.236897e-04,1.286589e-01,1.272548e-03,4.926096e-01,6.380273e-02,9.675489e-01,6.797309e-02,2.686731e+00,1.898803e+00,6.080192e-01,8.618377e-01,2.187874e-01,1.549847e-01,3.429123e+00,2.058480e-02,9.681647e-01,2.444137e+00,6.301811e-01,1.289419e+00,9.404561e-07,6.876325e-02,1.104144e-03,9.415538e-08,-1.234863e-05,6.907583e-02,1.104125e-03,5.000869e-01,4.383328e+02,9.692795e-01,4.540443e+02,3.263109e-01,2.308973e-01,1.766683e+03,8.509953e-01,6.451566e+02,2.068239e+02,1.471842e+00,2.382877e-01,4.191632e+03,3.907276e+03,4.057015e+03,3.857213e+03,-6.753956e-05,1.811791e-01,3.245568e-03,3.475460e-06,-5.580660e-04,1.927171e-01,3.218932e-03,4.962020e-01,3.848986e+00,9.931965e-01,3.873507e+00,1.336717e-01,8.778628e-02,3.543318e+00,7.133061e-01,4.287686e+00,4.387000e-01,1.113978e+00,5.628887e-01,2.328020e+01,1.236188e+01,1.941131e+01,1.244906e+01,-6.997115e-05,5.112217e-01,7.665953e-03,4.463581e-06,-6.999609e-04,5.260401e-01,7.622018e-03,4.989024e-01,7.363729e+05,9.455821e-01,8.042354e+05,3.521622e+00,3.029019e+00,9.621209e+06,8.678511e-01,2.906018e+06,2.169646e+06,3.946395e+00,2.195026e-01,1.756650e+07,4.047880e+07,1.911482e+07,3.344343e+07,-2.335752e-05,6.620721e-02,8.497489e-04,1.547655e-06,-2.417936e-04,7.134519e-02,8.444669e-04,4.958283e-01,1.249344e+01,9.849894e-01,1.268322e+01,1.961159e+00,1.528623e+00,5.758435e+01,8.335088e-01,1.979666e+01,7.303221e+00,1.584565e+00,2.249327e-01,8.751386e+01,1.629115e+02,7.224465e+01,1.722449e+02,3.894266e-05,1.558250e-01,9.985613e-04,-2.179050e-06,3.464938e-04,1.485909e-01,9.880903e-04,5.024976e-01,2.407097e+02,9.396201e-01,2.745291e+02,9.882222e+00,1.030402e+01,6.628552e+03,8.750181e-01,1.880842e+03,1.640132e+03,7.813735e+00,5.738030e-02,8.986325e+03,1.140362e+04,2.323283e+04,5.255663e+04,9.004519e-06,3.041956e-02,3.035142e-04,-8.580556e-07,1.301105e-04,2.757095e-02,3.018905e-04,5.032978e-01,-1.618926e-03,8.867566e-01,2.523202e-03,5.790909e+00,5.422298e+00,2.278514e-03,2.995047e-02,-8.697531e-04,7.491729e-04,5.372408e-01,8.914404e-01,1.193336e-01,2.624281e-01,1.297903e-01,2.261905e-01,-4.320614e-06,9.855574e-01,6.471537e-04,1.643688e-07,-2.751962e-05,9.861031e-01,6.470941e-04,5.023527e-01,4.065293e-01,9.724138e-01,4.182209e-01,2.225949e-01,1.440913e-01,1.239424e+00,8.061491e-01,5.561605e-01,1.496312e-01,1.368070e+00,2.595654e-01,3.971184e+00,3.044226e+00,3.706065e+00,2.695260e+00,-5.781187e-05,2.229857e-01,4.073777e-03,3.693854e-06,-5.791624e-04,2.352488e-01,4.043688e-03,4.973928e-01,1.982118e-03,8.681387e-01,4.246234e-03,8.875000e+00,7.634278e+00,1.425344e-01,8.771080e-01,6.124773e-02,5.926561e-02,1.626693e+01,8.469545e-03,5.230427e-01,1.336303e+00,1.410797e-01,2.009448e-01,3.310186e-06,8.075913e-03,5.339789e-04,3.848897e-07,-5.101314e-05,9.353688e-03,5.336523e-04,5.031568e-01,2.655663e+01,9.950204e-01,2.665029e+01,3.138479e-01,2.331241e-01,1.082038e+01,3.359222e-01,2.892408e+01,2.367451e+00,1.089147e+00,7.779018e-01,8.599923e+01,6.163464e+01,6.125859e+01,5.428017e+01,8.533712e-05,7.735359e-01,4.791115e-03,-3.295520e-06,5.504668e-04,7.625952e-01,4.767166e-03,5.011821e-01,8.687212e-01,6.446379e-01,2.627320e+00,1.510849e-01,9.260542e-02,1.611209e+01,5.102189e-01,3.867221e+00,2.998500e+00,4.451625e+00,7.094433e-01,1.138294e+02,6.903081e+01,1.138307e+02,7.809380e+01,7.396110e-05,5.748776e-01,6.156195e-03,-2.993979e-06,4.965313e-04,5.649380e-01,6.136428e-03,5.031185e-01,-8.571944e-01,6.544558e-01,2.900539e+00,1.108412e-01,6.680507e-02,1.843386e+01,6.305484e-01,2.426394e+00,3.283588e+00,-2.830623e+00,6.238627e-01,1.565301e+02,8.950735e+01,1.530546e+02,8.420926e+01,4.559069e-05,4.832640e-01,8.980594e-03,-3.187219e-06,4.954348e-04,4.726830e-01,8.958193e-03,4.992578e-01,-1.799295e+00,6.649304e-01,3.844175e+00,1.031895e-01,6.063100e-02,2.150669e+01,6.400631e-01,2.120787e+00,3.920081e+00,-1.178677e+00,7.093168e-01,1.932304e+02,9.862337e+01,1.944785e+02,1.003679e+02,-2.636054e-05,5.203739e-01,1.022030e-02,-9.854447e-07,1.127251e-04,5.171024e-01,1.021816e-02,5.007103e-01,1.818905e+00,6.629445e-01,4.251764e+00,1.159753e-01,6.967676e-02,2.968549e+01,6.600791e-01,6.620312e+00,4.801407e+00,3.639724e+00,6.196671e-01,2.210294e+02,1.203284e+02,2.111837e+02,1.092450e+02,-1.666527e-04,5.456449e-01,7.256146e-03,-2.250486e-06,1.509809e-04,5.381736e-01,7.244977e-03,4.926244e-01,2.041824e+00,6.657839e-01,4.734603e+00,9.653424e-02,5.772924e-02,2.619219e+01,6.875292e-01,6.893829e+00,4.852005e+00,3.376309e+00,6.412307e-01,2.544921e+02,1.263630e+02,2.388763e+02,1.198606e+02,1.215625e-05,4.428489e-01,1.257279e-02,3.630916e-06,-5.003112e-04,4.549029e-01,1.254372e-02,5.018768e-01,-3.144002e-01,6.607139e-01,4.665791e+00,9.733609e-02,5.663472e-02,2.924113e+01,7.051775e-01,4.935165e+00,5.249565e+00,-1.307312e+01,6.938891e-01,2.622508e+02,1.275170e+02,2.683105e+02,1.344603e+02,-1.401278e-05,4.379764e-01,1.260293e-02,1.963276e-06,-2.911096e-04,4.444942e-01,1.259443e-02,4.989118e-01,8.705823e+00,8.142056e-01,9.951516e+00,1.086210e-01,6.523778e-02,2.203424e+01,4.350311e-01,1.450959e+01,5.803770e+00,1.666654e+00,8.064997e-01,2.823192e+02,1.495442e+02,2.729762e+02,1.505093e+02,-4.822781e-05,6.661816e-01,9.055656e-03,-7.058429e-06,9.479988e-04,6.427487e-01,8.945790e-03,4.978148e-01,1.163860e+01,8.859026e-01,1.259978e+01,1.023094e-01,6.148455e-02,2.214385e+01,4.689832e-01,1.729322e+01,5.654621e+00,1.485850e+00,7.844321e-01,2.904278e+02,1.459267e+02,2.727961e+02,1.417847e+02,-7.694110e-05,6.279450e-01,1.044015e-02,-1.686766e-06,1.611291e-04,6.223452e-01,1.043388e-02,4.965577e-01,4.570192e-01,6.590189e-01,4.866131e+00,9.524325e-02,5.606594e-02,2.741048e+01,6.552873e-01,5.906173e+00,5.449153e+00,1.193667e+01,7.577510e-01,2.787944e+02,1.386789e+02,2.788105e+02,1.394536e+02,-2.298950e-05,4.994779e-01,1.341286e-02,5.047926e-06,-7.354538e-04,5.162363e-01,1.335667e-02,4.985938e-01,2.191234e+00,6.662785e-01,5.352570e+00,9.309980e-02,5.378517e-02,3.167171e+01,7.495594e-01,7.708136e+00,5.516902e+00,3.517714e+00,5.504695e-01,2.925047e+02,1.487728e+02,2.845400e+02,1.384966e+02,1.362564e-04,3.787138e-01,1.332682e-02,-2.935331e-06,5.505490e-04,3.689689e-01,1.330782e-02,5.043849e-01,1.153664e+00,6.565205e-01,4.716560e+00,8.869182e-02,5.201099e-02,2.447952e+01,6.880947e-01,6.037672e+00,4.884008e+00,5.233478e+00,6.501995e-01,2.721877e+02,1.335368e+02,2.714929e+02,1.417022e+02,1.527612e-04,4.689416e-01,1.648652e-02,-9.655543e-06,1.515544e-03,4.368866e-01,1.628092e-02,5.025979e-01,3.583473e+00,6.881775e-01,5.492842e+00,8.648068e-02,5.047199e-02,2.047145e+01,6.318319e-01,8.144398e+00,4.560925e+00,2.272767e+00,6.860918e-01,2.559537e+02,1.274217e+02,2.568439e+02,1.287417e+02,-9.256935e-06,5.048931e-01,1.650827e-02,-5.873169e-06,8.196821e-04,4.853951e-01,1.643221e-02,4.988742e-01,1.680221e+00,6.626291e-01,4.086915e+00,8.533575e-02,4.962491e-02,2.095885e+01,7.402851e-01,5.718068e+00,4.037847e+00,3.403164e+00,7.218539e-01,2.281141e+02,1.122254e+02,2.281806e+02,1.160547e+02,-2.566365e-04,5.586823e-01,1.720652e-02,5.022941e-06,-9.655745e-04,5.753577e-01,1.715089e-02,4.896403e-01,4.799334e-01,6.416144e-03,1.672868e-02,2.850816e+00,2.666500e+00,3.417148e-01,5.392066e-01,1.099456e-01,1.099462e-01,-2.000000e+01,3.682848e-01,3.623771e-01,7.146754e-01,5.163774e+00,3.690340e+00,4.626793e-01,1.421483e-02,3.662314e-02,2.029420e+00,1.883428e+00,5.318218e-01,4.936170e-01,1.729929e-01,1.729934e-01,-2.000000e+01,4.262359e-01,7.031764e-01,1.221876e+00,7.815276e+00,5.971923e+00,5.841910e-01,2.919353e-04,4.989026e-04,1.827895e+00,1.526322e+00,8.411699e-03,4.991795e-01,2.068408e-03,2.068342e-03,2.000000e+01,4.110430e-01,1.486311e-02,3.171211e-02,8.745280e-02,9.712998e-02,6.461639e-01,1.355817e-03,1.769500e-03,1.942483e-01,1.143767e-01,1.500378e-02,5.394021e-01,2.615901e-03,2.616406e-03,-2.000000e+01,4.560689e-01,6.905602e-02,3.721850e-02,7.525490e-02,4.352496e-02,6.548526e-01,5.565713e-03,7.150706e-03,2.291545e-01,1.569521e-01,7.798958e-02,4.994616e-01,1.249328e-02,1.249077e-02,2.000000e+01,4.555846e-01,3.512305e-01,2.308770e-01,3.687604e-01,2.666488e-01,6.473119e-01,1.103302e-02,1.422676e-02,1.588275e-01,9.877268e-02,1.330283e-01,5.365909e-01,2.225548e-02,2.225776e-02,-2.000000e+01,4.271549e-01,7.414665e-01,4.245121e-01,8.301963e-01,5.271600e-01,6.396999e-01,1.587594e-02,2.102479e-02,1.493220e-01,9.154458e-02,1.570870e-01,5.009280e-01,3.066747e-02,3.067102e-02,-2.000000e+01,4.993578e-01,1.046923e+00,5.564921e-01,1.172161e+00,7.959038e-01,6.424595e-01,2.082520e-02,2.750147e-02,1.507709e-01,9.113432e-02,1.994737e-01,4.702402e-01,4.081927e-02,4.081633e-02,2.000000e+01,5.136193e-01,1.392190e+00,7.621858e-01,1.553587e+00,1.023216e+00,6.557571e-01,2.523370e-02,3.215003e-02,1.346845e-01,7.872474e-02,2.203426e-01,5.037607e-01,4.649695e-02,4.649759e-02,-2.000000e+01,5.009693e-01,1.694795e+00,8.466626e-01,1.787732e+00,1.090229e+00,6.375536e-01,2.702382e-02,3.694608e-02,2.230952e-01,1.465797e-01,3.877470e-01,5.139784e-01,6.235563e-02,6.235213e-02,2.000000e+01,4.574866e-01,1.713268e+00,1.096607e+00,2.113685e+00,2.067195e+00,6.516077e-01,3.135224e-02,4.073916e-02,1.401194e-01,8.558043e-02,2.817051e-01,4.823412e-01,5.973016e-02,5.974041e-02,-2.000000e+01,5.360023e-01,2.198799e+00,1.169171e+00,2.321249e+00,1.442557e+00,6.402009e-01,3.014608e-02,4.030741e-02,1.470699e-01,8.839056e-02,3.337476e-01,5.553856e-01,5.918937e-02,5.919736e-02,-2.000000e+01,5.359765e-01,2.030755e+00,1.149396e+00,2.399615e+00,1.683308e+00,6.235843e-01,3.290216e-02,4.698737e-02,2.663826e-01,1.870687e-01,5.174242e-01,5.113121e-01,8.276816e-02,8.276957e-02,-2.000000e+01,4.366951e-01,2.070859e+00,1.555105e+00,2.861892e+00,2.882331e+00,6.053173e-01,3.475443e-02,5.674494e-02,6.677143e-01,4.849325e-01,7.023847e-01,4.905987e-01,1.313190e-01,1.313215e-01,-2.000000e+01,4.431798e-01,1.649665e+00,1.802747e+00,4.778767e+00,6.860687e+00,6.121413e-01,3.693519e-02,5.727071e-02,3.950704e-01,2.816764e-01,6.477517e-01,4.929689e-01,1.118530e-01,1.118529e-01,2.000000e+01,4.395349e-01,2.026154e+00,1.861140e+00,3.944098e+00,5.158021e+00,6.264326e-01,3.250474e-02,4.774328e-02,7.699450e-01,5.372169e-01,6.703409e-01,4.660203e-01,1.157283e-01,1.157337e-01,-2.000000e+01,4.599866e-01,1.460346e+00,1.790783e+00,3.612656e+00,4.965716e+00,6.283842e-01,4.040931e-02,5.860608e-02,3.992898e-01,2.916850e-01,7.353244e-01,4.990387e-01,1.168212e-01,1.168232e-01,-2.000000e+01,4.339413e-01,2.088139e+00,2.037459e+00,3.821144e+00,4.305558e+00,5.723963e-01,3.845742e-02,6.802908e-02,1.443608e+00,1.066747e+00,9.525724e-01,4.848385e-01,2.383759e-01,2.383762e-01,-2.000000e+01,4.340694e-01,1.559162e+00,2.632772e+00,9.724635e+00,1.010900e+01,5.641100e-01,4.138838e-02,8.122894e-02,2.252903e+00,1.981869e+00,1.364471e+00,4.897732e-01,3.729060e-01,3.729019e-01,2.000000e+01,4.243899e-01,1.421884e+00,2.636667e+00,1.722388e+01,1.482159e+01,5.549800e-01,4.002560e-02,8.428667e-02,2.800600e+00,2.768979e+00,1.444096e+00,4.913716e-01,4.427254e-01,4.427153e-01,2.000000e+01,4.160201e-01,1.578677e+00,2.849114e+00,2.037885e+01,1.706350e+01,5.611345e-01,4.062146e-02,7.835279e-02,2.236229e+00,1.702641e+00,1.344570e+00,5.040956e-01,3.657465e-01,3.657423e-01,2.000000e+01,4.096673e-01,1.330955e+00,2.231222e+00,1.651970e+01,1.395884e+01,5.570204e-01,4.096286e-02,7.385698e-02,1.247143e+00,1.002549e+00,9.764066e-01,4.883473e-01,2.554879e-01,2.554879e-01,2.000000e+01,4.321723e-01,1.389603e+00,1.768767e+00,1.093429e+01,9.291347e+00,5.789720e-01,3.739335e-02,6.376753e-02,8.215882e-01,6.488029e-01,8.052793e-01,5.089953e-01,1.718401e-01,1.718433e-01,-2.000000e+01,4.286021e-01,1.491603e+00,1.664706e+00,6.987138e+00,7.344486e+00,5.525137e-01,3.802354e-02,7.188468e-02,1.913288e+00,1.287496e+00,1.137683e+00,5.214975e-01,3.030755e-01,3.030826e-01,-2.000000e+01,3.914460e-01,1.073459e+00,1.894620e+00,1.366720e+01,1.052369e+01,5.377284e-01,3.418016e-02,6.856478e-02,1.972535e+00,2.110415e+00,1.145234e+00,5.206883e-01,2.979254e-01,2.979258e-01,-2.000000e+01,4.089878e-01,1.468027e+00,2.836197e+00,1.277691e+01,1.052905e+01,5.232192e-01,2.999476e-02,6.334602e-02,2.088955e+00,2.550909e+00,1.073899e+00,5.127568e-01,2.897392e-01,2.897367e-01,2.000000e+01,4.049878e-01,1.364436e+00,2.138492e+00,1.270715e+01,9.658326e+00,5.175057e-01,2.573702e-02,5.639935e-02,2.058235e+00,2.783304e+00,8.930130e-01,5.097466e-01,2.514756e-01,2.514746e-01,2.000000e+01,4.038884e-01,1.391687e+00,2.091774e+00,1.119715e+01,9.511268e+00,5.169097e-01,2.059613e-02,4.445187e-02,1.866133e+00,2.051234e+00,6.834099e-01,5.156967e-01,1.860147e-01,1.860124e-01,2.000000e+01,4.189565e-01,1.245792e+00,1.897552e+00,8.326697e+00,7.343450e+00,5.175307e-01,1.619066e-02,3.523908e-02,1.686386e+00,1.578525e+00,4.955364e-01,5.061961e-01,1.412783e-01,1.412758e-01,2.000000e+01,4.246438e-01,8.047546e-01,1.366749e+00,6.184941e+00,5.534088e+00,5.012958e-01,1.281912e-02,2.838329e-02,1.790769e+00,1.691465e+00,3.742622e-01,4.384871e-01,1.231335e-01,1.231331e-01,2.000000e+01,4.745630e-01,8.303300e-01,1.395460e+00,5.447448e+00,4.624982e+00,4.560163e-01,3.720856e-04,1.563952e-03,9.593846e+00,2.057344e+01,4.897750e-02,4.883944e-01,2.050490e-02,2.050483e-02,2.000000e+01,4.094937e-01,7.041576e-02,1.298579e-01,1.057256e+00,6.625279e-01,1.263920e-01,2.729509e-04,2.905256e-03,9.557692e+00,9.705759e+00,9.129772e-02,4.745328e-01,3.517512e-02,3.517514e-02,-2.000000e+01,4.297654e-01,1.515543e-01,3.108630e-01,2.220194e+00,1.776372e+00,7.110597e-01,1.629604e+01,2.156293e+01,1.865033e-01,1.409670e-01,1.851855e+02,5.019455e-01,3.722548e+01,3.722467e+01,2.000000e+01,4.902724e-01,1.097424e+03,8.844539e+02,1.867864e+03,1.200607e+03,6.933482e-01,3.088117e+01,3.973803e+01,1.511075e-01,9.912154e-02,3.804199e+02,5.452675e-01,6.377462e+01,6.377269e+01,2.000000e+01,4.279836e-01,2.343586e+03,1.519163e+03,2.843750e+03,1.844391e+03,6.676590e-01,3.559536e+01,5.202361e+01,4.779863e-01,4.277312e-01,7.220801e+02,5.000000e-01,1.111670e+02,1.111688e+02,-2.000000e+01,4.403579e-01,3.011731e+03,2.503623e+03,3.104121e+03,4.896948e+03,6.345911e-01,4.618542e+01,7.742381e+01,3.979706e+00,3.084399e+00,1.748496e+03,4.945189e-01,4.182773e+02,4.182916e+02,-2.000000e+01,4.413317e-01,1.203726e+03,1.932755e+03,1.775712e+04,2.075462e+04,5.605060e-01,4.104104e-03,8.152759e-03,2.938864e+00,1.999706e+00,1.675120e-01,5.047074e-01,4.819728e-02,4.819265e-02,2.000000e+01,4.158176e-01,1.853265e-01,3.936535e-01,2.195797e+00,2.041311e+00,6.304445e-01,2.582995e+01,3.691395e+01,3.805706e-01,2.931403e-01,5.105570e+02,5.186490e-01,7.489089e+01,7.489191e+01,-2.000000e+01,4.165367e-01,1.610627e+03,1.593135e+03,2.702952e+03,2.871168e+03,6.509390e-01,1.076963e-01,1.377483e-01,1.021522e-01,6.082450e-02,7.634952e-01,5.296315e-01,1.858422e-01,1.858717e-01,-2.000000e+01,5.421700e-01,9.262681e+00,4.578778e+00,8.461814e+00,4.365418e+00,5.855212e-01,5.556957e+04,9.986925e+04,4.653572e+00,6.139558e+00,2.777834e+06,4.984516e-01,6.729876e+05,6.729931e+05,-2.000000e+01,4.076450e-01,4.004315e+06,8.767027e+06,3.290546e+07,2.516963e+07,6.140857e-01,4.378271e-01,6.481449e-01,1.756753e+00,1.499798e+00,1.336993e+01,4.680384e-01,2.207960e+00,2.207844e+00,2.000000e+01,4.547807e-01,4.771794e+01,6.066267e+01,5.781129e+01,9.793430e+01,5.750843e-01,1.773619e+01,4.287329e+01,8.976000e+00,1.146994e+01,1.719871e+03,4.555813e-01,5.578093e+02,5.578049e+02,2.000000e+01,4.282416e-01,9.631779e+03,1.747357e+04,2.824806e+04,2.964616e+04,4.394259e-01,1.775035e-04,6.866492e-04,6.212500e+00,6.306002e+00,1.665608e-02,4.124900e-01,6.078104e-03,6.078120e-03,-2.000000e+01,4.913917e-01,3.783538e-01,3.411831e-01,4.523883e-02,8.738344e-02,6.450249e-01,2.298879e-02,3.103472e-02,2.200157e-01,1.521961e-01,3.727601e-01,5.283674e-01,5.497588e-02,5.497619e-02,-2.000000e+01,4.348340e-01,1.650904e+00,1.274961e+00,2.144410e+00,1.691135e+00,3.758818e-01,2.473650e-04,1.370526e-03,8.908571e+00,1.423273e+01,4.336509e-02,5.016649e-01,1.692403e-02,1.692397e-02,2.000000e+01,4.090954e-01,6.770580e-02,1.323288e-01,9.516950e-01,7.329781e-01,6.170843e-01,4.402608e-01,6.165761e-01,1.591977e-01,1.105175e-01,3.528240e+00,3.382540e-01,9.332216e-01,9.332339e-01,-2.000000e+01,6.992354e-01,4.179017e+01,3.124667e+01,3.339217e+01,2.151429e+01,6.535063e-01,6.305135e-01,8.187988e-01,1.084166e-01,6.363822e-02,4.827904e+00,4.691128e-01,1.113420e+00,1.113502e+00,-2.000000e+01,5.929944e-01,5.241722e+01,3.083166e+01,5.130614e+01,2.838891e+01,6.569693e-01,7.740786e-01,9.839542e-01,9.696011e-02,5.551679e-02,6.693838e+00,6.560593e-01,1.307738e+00,1.307637e+00,2.000000e+01,4.036344e-01,6.492174e+01,3.357067e+01,6.469463e+01,3.345562e+01,6.584444e-01,9.726526e-01,1.216353e+00,9.126214e-02,5.161772e-02,5.743628e+00,5.416229e-01,1.572748e+00,1.572679e+00,2.000000e+01,5.514817e-01,8.104259e+01,3.891028e+01,8.087005e+01,3.925333e+01,6.628318e-01,1.089719e+00,1.367640e+00,9.214379e-02,5.209390e-02,6.169243e+00,5.025187e-01,1.789167e+00,1.790118e+00,-2.000000e+01,6.365111e-01,9.157334e+01,4.388303e+01,9.033675e+01,4.308381e+01,6.609716e-01,1.222378e+00,1.533095e+00,8.986607e-02,5.054077e-02,7.611613e+00,6.268494e-01,1.965641e+00,1.965893e+00,-2.000000e+01,5.875182e-01,1.019620e+02,4.809369e+01,1.005414e+02,4.975084e+01,6.641849e-01,1.320667e+00,1.658980e+00,9.005751e-02,5.088938e-02,8.336216e+00,5.855223e-01,2.135184e+00,2.134393e+00,2.000000e+01,5.521176e-01,1.096658e+02,5.224366e+01,1.086766e+02,5.411269e+01,6.526482e-01,1.376516e+00,1.748252e+00,9.330907e-02,5.345602e-02,7.300570e+00,4.437085e-01,2.273568e+00,2.273972e+00,-2.000000e+01,6.329975e-01,1.163886e+02,5.787009e+01,1.155901e+02,5.739687e+01,6.590027e-01,1.409517e+00,1.769909e+00,9.131562e-02,5.191959e-02,7.529075e+00,4.767628e-01,2.305242e+00,2.305375e+00,-2.000000e+01,6.615947e-01,1.180271e+02,5.603967e+01,1.163214e+02,5.640984e+01,6.596712e-01,1.381840e+00,1.737755e+00,8.750466e-02,4.945551e-02,8.532225e+00,6.018351e-01,2.190761e+00,2.190279e+00,2.000000e+01,6.243622e-01,1.154625e+02,5.388669e+01,1.144574e+02,5.530650e+01,6.759396e-01,1.445320e+00,1.798411e+00,8.791640e-02,4.885880e-02,8.482925e+00,5.914723e-01,2.298903e+00,2.298675e+00,2.000000e+01,4.923711e-01,1.196639e+02,5.615368e+01,1.197277e+02,5.765565e+01,6.611751e-01,1.307206e+00,1.651100e+00,8.845671e-02,4.975147e-02,8.456249e+00,6.270649e-01,2.096146e+00,2.095988e+00,2.000000e+01,5.679671e-01,1.089857e+02,5.314114e+01,1.091396e+02,5.313811e+01,6.609234e-01,1.203766e+00,1.509892e+00,8.697101e-02,4.871939e-02,6.907759e+00,5.806673e-01,1.917510e+00,1.916926e+00,2.000000e+01,5.625600e-01,1.025452e+02,5.053271e+01,1.015172e+02,4.852134e+01,6.627874e-01,1.078776e+00,1.351477e+00,8.502413e-02,4.764850e-02,6.048026e+00,5.806828e-01,1.698807e+00,1.698626e+00,2.000000e+01,5.795363e-01,9.180035e+01,4.356361e+01,9.098237e+01,4.362391e+01,?"
