@relation SMILEfeaturesLive

@attribute name string
@attribute frameTime numeric
@attribute pcm_intensity_sma_max numeric
@attribute pcm_intensity_sma_min numeric
@attribute pcm_intensity_sma_range numeric
@attribute pcm_intensity_sma_maxPos numeric
@attribute pcm_intensity_sma_minPos numeric
@attribute pcm_intensity_sma_amean numeric
@attribute pcm_intensity_sma_linregc1 numeric
@attribute pcm_intensity_sma_linregc2 numeric
@attribute pcm_intensity_sma_linregerrA numeric
@attribute pcm_intensity_sma_linregerrQ numeric
@attribute pcm_intensity_sma_stddev numeric
@attribute pcm_intensity_sma_skewness numeric
@attribute pcm_intensity_sma_kurtosis numeric
@attribute pcm_intensity_sma_quartile1 numeric
@attribute pcm_intensity_sma_quartile2 numeric
@attribute pcm_intensity_sma_quartile3 numeric
@attribute pcm_intensity_sma_iqr1-2 numeric
@attribute pcm_intensity_sma_iqr2-3 numeric
@attribute pcm_intensity_sma_iqr1-3 numeric
@attribute pcm_loudness_sma_max numeric
@attribute pcm_loudness_sma_min numeric
@attribute pcm_loudness_sma_range numeric
@attribute pcm_loudness_sma_maxPos numeric
@attribute pcm_loudness_sma_minPos numeric
@attribute pcm_loudness_sma_amean numeric
@attribute pcm_loudness_sma_linregc1 numeric
@attribute pcm_loudness_sma_linregc2 numeric
@attribute pcm_loudness_sma_linregerrA numeric
@attribute pcm_loudness_sma_linregerrQ numeric
@attribute pcm_loudness_sma_stddev numeric
@attribute pcm_loudness_sma_skewness numeric
@attribute pcm_loudness_sma_kurtosis numeric
@attribute pcm_loudness_sma_quartile1 numeric
@attribute pcm_loudness_sma_quartile2 numeric
@attribute pcm_loudness_sma_quartile3 numeric
@attribute pcm_loudness_sma_iqr1-2 numeric
@attribute pcm_loudness_sma_iqr2-3 numeric
@attribute pcm_loudness_sma_iqr1-3 numeric
@attribute mfcc_sma[1]_max numeric
@attribute mfcc_sma[1]_min numeric
@attribute mfcc_sma[1]_range numeric
@attribute mfcc_sma[1]_maxPos numeric
@attribute mfcc_sma[1]_minPos numeric
@attribute mfcc_sma[1]_amean numeric
@attribute mfcc_sma[1]_linregc1 numeric
@attribute mfcc_sma[1]_linregc2 numeric
@attribute mfcc_sma[1]_linregerrA numeric
@attribute mfcc_sma[1]_linregerrQ numeric
@attribute mfcc_sma[1]_stddev numeric
@attribute mfcc_sma[1]_skewness numeric
@attribute mfcc_sma[1]_kurtosis numeric
@attribute mfcc_sma[1]_quartile1 numeric
@attribute mfcc_sma[1]_quartile2 numeric
@attribute mfcc_sma[1]_quartile3 numeric
@attribute mfcc_sma[1]_iqr1-2 numeric
@attribute mfcc_sma[1]_iqr2-3 numeric
@attribute mfcc_sma[1]_iqr1-3 numeric
@attribute mfcc_sma[2]_max numeric
@attribute mfcc_sma[2]_min numeric
@attribute mfcc_sma[2]_range numeric
@attribute mfcc_sma[2]_maxPos numeric
@attribute mfcc_sma[2]_minPos numeric
@attribute mfcc_sma[2]_amean numeric
@attribute mfcc_sma[2]_linregc1 numeric
@attribute mfcc_sma[2]_linregc2 numeric
@attribute mfcc_sma[2]_linregerrA numeric
@attribute mfcc_sma[2]_linregerrQ numeric
@attribute mfcc_sma[2]_stddev numeric
@attribute mfcc_sma[2]_skewness numeric
@attribute mfcc_sma[2]_kurtosis numeric
@attribute mfcc_sma[2]_quartile1 numeric
@attribute mfcc_sma[2]_quartile2 numeric
@attribute mfcc_sma[2]_quartile3 numeric
@attribute mfcc_sma[2]_iqr1-2 numeric
@attribute mfcc_sma[2]_iqr2-3 numeric
@attribute mfcc_sma[2]_iqr1-3 numeric
@attribute mfcc_sma[3]_max numeric
@attribute mfcc_sma[3]_min numeric
@attribute mfcc_sma[3]_range numeric
@attribute mfcc_sma[3]_maxPos numeric
@attribute mfcc_sma[3]_minPos numeric
@attribute mfcc_sma[3]_amean numeric
@attribute mfcc_sma[3]_linregc1 numeric
@attribute mfcc_sma[3]_linregc2 numeric
@attribute mfcc_sma[3]_linregerrA numeric
@attribute mfcc_sma[3]_linregerrQ numeric
@attribute mfcc_sma[3]_stddev numeric
@attribute mfcc_sma[3]_skewness numeric
@attribute mfcc_sma[3]_kurtosis numeric
@attribute mfcc_sma[3]_quartile1 numeric
@attribute mfcc_sma[3]_quartile2 numeric
@attribute mfcc_sma[3]_quartile3 numeric
@attribute mfcc_sma[3]_iqr1-2 numeric
@attribute mfcc_sma[3]_iqr2-3 numeric
@attribute mfcc_sma[3]_iqr1-3 numeric
@attribute mfcc_sma[4]_max numeric
@attribute mfcc_sma[4]_min numeric
@attribute mfcc_sma[4]_range numeric
@attribute mfcc_sma[4]_maxPos numeric
@attribute mfcc_sma[4]_minPos numeric
@attribute mfcc_sma[4]_amean numeric
@attribute mfcc_sma[4]_linregc1 numeric
@attribute mfcc_sma[4]_linregc2 numeric
@attribute mfcc_sma[4]_linregerrA numeric
@attribute mfcc_sma[4]_linregerrQ numeric
@attribute mfcc_sma[4]_stddev numeric
@attribute mfcc_sma[4]_skewness numeric
@attribute mfcc_sma[4]_kurtosis numeric
@attribute mfcc_sma[4]_quartile1 numeric
@attribute mfcc_sma[4]_quartile2 numeric
@attribute mfcc_sma[4]_quartile3 numeric
@attribute mfcc_sma[4]_iqr1-2 numeric
@attribute mfcc_sma[4]_iqr2-3 numeric
@attribute mfcc_sma[4]_iqr1-3 numeric
@attribute mfcc_sma[5]_max numeric
@attribute mfcc_sma[5]_min numeric
@attribute mfcc_sma[5]_range numeric
@attribute mfcc_sma[5]_maxPos numeric
@attribute mfcc_sma[5]_minPos numeric
@attribute mfcc_sma[5]_amean numeric
@attribute mfcc_sma[5]_linregc1 numeric
@attribute mfcc_sma[5]_linregc2 numeric
@attribute mfcc_sma[5]_linregerrA numeric
@attribute mfcc_sma[5]_linregerrQ numeric
@attribute mfcc_sma[5]_stddev numeric
@attribute mfcc_sma[5]_skewness numeric
@attribute mfcc_sma[5]_kurtosis numeric
@attribute mfcc_sma[5]_quartile1 numeric
@attribute mfcc_sma[5]_quartile2 numeric
@attribute mfcc_sma[5]_quartile3 numeric
@attribute mfcc_sma[5]_iqr1-2 numeric
@attribute mfcc_sma[5]_iqr2-3 numeric
@attribute mfcc_sma[5]_iqr1-3 numeric
@attribute mfcc_sma[6]_max numeric
@attribute mfcc_sma[6]_min numeric
@attribute mfcc_sma[6]_range numeric
@attribute mfcc_sma[6]_maxPos numeric
@attribute mfcc_sma[6]_minPos numeric
@attribute mfcc_sma[6]_amean numeric
@attribute mfcc_sma[6]_linregc1 numeric
@attribute mfcc_sma[6]_linregc2 numeric
@attribute mfcc_sma[6]_linregerrA numeric
@attribute mfcc_sma[6]_linregerrQ numeric
@attribute mfcc_sma[6]_stddev numeric
@attribute mfcc_sma[6]_skewness numeric
@attribute mfcc_sma[6]_kurtosis numeric
@attribute mfcc_sma[6]_quartile1 numeric
@attribute mfcc_sma[6]_quartile2 numeric
@attribute mfcc_sma[6]_quartile3 numeric
@attribute mfcc_sma[6]_iqr1-2 numeric
@attribute mfcc_sma[6]_iqr2-3 numeric
@attribute mfcc_sma[6]_iqr1-3 numeric
@attribute mfcc_sma[7]_max numeric
@attribute mfcc_sma[7]_min numeric
@attribute mfcc_sma[7]_range numeric
@attribute mfcc_sma[7]_maxPos numeric
@attribute mfcc_sma[7]_minPos numeric
@attribute mfcc_sma[7]_amean numeric
@attribute mfcc_sma[7]_linregc1 numeric
@attribute mfcc_sma[7]_linregc2 numeric
@attribute mfcc_sma[7]_linregerrA numeric
@attribute mfcc_sma[7]_linregerrQ numeric
@attribute mfcc_sma[7]_stddev numeric
@attribute mfcc_sma[7]_skewness numeric
@attribute mfcc_sma[7]_kurtosis numeric
@attribute mfcc_sma[7]_quartile1 numeric
@attribute mfcc_sma[7]_quartile2 numeric
@attribute mfcc_sma[7]_quartile3 numeric
@attribute mfcc_sma[7]_iqr1-2 numeric
@attribute mfcc_sma[7]_iqr2-3 numeric
@attribute mfcc_sma[7]_iqr1-3 numeric
@attribute mfcc_sma[8]_max numeric
@attribute mfcc_sma[8]_min numeric
@attribute mfcc_sma[8]_range numeric
@attribute mfcc_sma[8]_maxPos numeric
@attribute mfcc_sma[8]_minPos numeric
@attribute mfcc_sma[8]_amean numeric
@attribute mfcc_sma[8]_linregc1 numeric
@attribute mfcc_sma[8]_linregc2 numeric
@attribute mfcc_sma[8]_linregerrA numeric
@attribute mfcc_sma[8]_linregerrQ numeric
@attribute mfcc_sma[8]_stddev numeric
@attribute mfcc_sma[8]_skewness numeric
@attribute mfcc_sma[8]_kurtosis numeric
@attribute mfcc_sma[8]_quartile1 numeric
@attribute mfcc_sma[8]_quartile2 numeric
@attribute mfcc_sma[8]_quartile3 numeric
@attribute mfcc_sma[8]_iqr1-2 numeric
@attribute mfcc_sma[8]_iqr2-3 numeric
@attribute mfcc_sma[8]_iqr1-3 numeric
@attribute mfcc_sma[9]_max numeric
@attribute mfcc_sma[9]_min numeric
@attribute mfcc_sma[9]_range numeric
@attribute mfcc_sma[9]_maxPos numeric
@attribute mfcc_sma[9]_minPos numeric
@attribute mfcc_sma[9]_amean numeric
@attribute mfcc_sma[9]_linregc1 numeric
@attribute mfcc_sma[9]_linregc2 numeric
@attribute mfcc_sma[9]_linregerrA numeric
@attribute mfcc_sma[9]_linregerrQ numeric
@attribute mfcc_sma[9]_stddev numeric
@attribute mfcc_sma[9]_skewness numeric
@attribute mfcc_sma[9]_kurtosis numeric
@attribute mfcc_sma[9]_quartile1 numeric
@attribute mfcc_sma[9]_quartile2 numeric
@attribute mfcc_sma[9]_quartile3 numeric
@attribute mfcc_sma[9]_iqr1-2 numeric
@attribute mfcc_sma[9]_iqr2-3 numeric
@attribute mfcc_sma[9]_iqr1-3 numeric
@attribute mfcc_sma[10]_max numeric
@attribute mfcc_sma[10]_min numeric
@attribute mfcc_sma[10]_range numeric
@attribute mfcc_sma[10]_maxPos numeric
@attribute mfcc_sma[10]_minPos numeric
@attribute mfcc_sma[10]_amean numeric
@attribute mfcc_sma[10]_linregc1 numeric
@attribute mfcc_sma[10]_linregc2 numeric
@attribute mfcc_sma[10]_linregerrA numeric
@attribute mfcc_sma[10]_linregerrQ numeric
@attribute mfcc_sma[10]_stddev numeric
@attribute mfcc_sma[10]_skewness numeric
@attribute mfcc_sma[10]_kurtosis numeric
@attribute mfcc_sma[10]_quartile1 numeric
@attribute mfcc_sma[10]_quartile2 numeric
@attribute mfcc_sma[10]_quartile3 numeric
@attribute mfcc_sma[10]_iqr1-2 numeric
@attribute mfcc_sma[10]_iqr2-3 numeric
@attribute mfcc_sma[10]_iqr1-3 numeric
@attribute mfcc_sma[11]_max numeric
@attribute mfcc_sma[11]_min numeric
@attribute mfcc_sma[11]_range numeric
@attribute mfcc_sma[11]_maxPos numeric
@attribute mfcc_sma[11]_minPos numeric
@attribute mfcc_sma[11]_amean numeric
@attribute mfcc_sma[11]_linregc1 numeric
@attribute mfcc_sma[11]_linregc2 numeric
@attribute mfcc_sma[11]_linregerrA numeric
@attribute mfcc_sma[11]_linregerrQ numeric
@attribute mfcc_sma[11]_stddev numeric
@attribute mfcc_sma[11]_skewness numeric
@attribute mfcc_sma[11]_kurtosis numeric
@attribute mfcc_sma[11]_quartile1 numeric
@attribute mfcc_sma[11]_quartile2 numeric
@attribute mfcc_sma[11]_quartile3 numeric
@attribute mfcc_sma[11]_iqr1-2 numeric
@attribute mfcc_sma[11]_iqr2-3 numeric
@attribute mfcc_sma[11]_iqr1-3 numeric
@attribute mfcc_sma[12]_max numeric
@attribute mfcc_sma[12]_min numeric
@attribute mfcc_sma[12]_range numeric
@attribute mfcc_sma[12]_maxPos numeric
@attribute mfcc_sma[12]_minPos numeric
@attribute mfcc_sma[12]_amean numeric
@attribute mfcc_sma[12]_linregc1 numeric
@attribute mfcc_sma[12]_linregc2 numeric
@attribute mfcc_sma[12]_linregerrA numeric
@attribute mfcc_sma[12]_linregerrQ numeric
@attribute mfcc_sma[12]_stddev numeric
@attribute mfcc_sma[12]_skewness numeric
@attribute mfcc_sma[12]_kurtosis numeric
@attribute mfcc_sma[12]_quartile1 numeric
@attribute mfcc_sma[12]_quartile2 numeric
@attribute mfcc_sma[12]_quartile3 numeric
@attribute mfcc_sma[12]_iqr1-2 numeric
@attribute mfcc_sma[12]_iqr2-3 numeric
@attribute mfcc_sma[12]_iqr1-3 numeric
@attribute lspFreq_sma[0]_max numeric
@attribute lspFreq_sma[0]_min numeric
@attribute lspFreq_sma[0]_range numeric
@attribute lspFreq_sma[0]_maxPos numeric
@attribute lspFreq_sma[0]_minPos numeric
@attribute lspFreq_sma[0]_amean numeric
@attribute lspFreq_sma[0]_linregc1 numeric
@attribute lspFreq_sma[0]_linregc2 numeric
@attribute lspFreq_sma[0]_linregerrA numeric
@attribute lspFreq_sma[0]_linregerrQ numeric
@attribute lspFreq_sma[0]_stddev numeric
@attribute lspFreq_sma[0]_skewness numeric
@attribute lspFreq_sma[0]_kurtosis numeric
@attribute lspFreq_sma[0]_quartile1 numeric
@attribute lspFreq_sma[0]_quartile2 numeric
@attribute lspFreq_sma[0]_quartile3 numeric
@attribute lspFreq_sma[0]_iqr1-2 numeric
@attribute lspFreq_sma[0]_iqr2-3 numeric
@attribute lspFreq_sma[0]_iqr1-3 numeric
@attribute lspFreq_sma[1]_max numeric
@attribute lspFreq_sma[1]_min numeric
@attribute lspFreq_sma[1]_range numeric
@attribute lspFreq_sma[1]_maxPos numeric
@attribute lspFreq_sma[1]_minPos numeric
@attribute lspFreq_sma[1]_amean numeric
@attribute lspFreq_sma[1]_linregc1 numeric
@attribute lspFreq_sma[1]_linregc2 numeric
@attribute lspFreq_sma[1]_linregerrA numeric
@attribute lspFreq_sma[1]_linregerrQ numeric
@attribute lspFreq_sma[1]_stddev numeric
@attribute lspFreq_sma[1]_skewness numeric
@attribute lspFreq_sma[1]_kurtosis numeric
@attribute lspFreq_sma[1]_quartile1 numeric
@attribute lspFreq_sma[1]_quartile2 numeric
@attribute lspFreq_sma[1]_quartile3 numeric
@attribute lspFreq_sma[1]_iqr1-2 numeric
@attribute lspFreq_sma[1]_iqr2-3 numeric
@attribute lspFreq_sma[1]_iqr1-3 numeric
@attribute lspFreq_sma[2]_max numeric
@attribute lspFreq_sma[2]_min numeric
@attribute lspFreq_sma[2]_range numeric
@attribute lspFreq_sma[2]_maxPos numeric
@attribute lspFreq_sma[2]_minPos numeric
@attribute lspFreq_sma[2]_amean numeric
@attribute lspFreq_sma[2]_linregc1 numeric
@attribute lspFreq_sma[2]_linregc2 numeric
@attribute lspFreq_sma[2]_linregerrA numeric
@attribute lspFreq_sma[2]_linregerrQ numeric
@attribute lspFreq_sma[2]_stddev numeric
@attribute lspFreq_sma[2]_skewness numeric
@attribute lspFreq_sma[2]_kurtosis numeric
@attribute lspFreq_sma[2]_quartile1 numeric
@attribute lspFreq_sma[2]_quartile2 numeric
@attribute lspFreq_sma[2]_quartile3 numeric
@attribute lspFreq_sma[2]_iqr1-2 numeric
@attribute lspFreq_sma[2]_iqr2-3 numeric
@attribute lspFreq_sma[2]_iqr1-3 numeric
@attribute lspFreq_sma[3]_max numeric
@attribute lspFreq_sma[3]_min numeric
@attribute lspFreq_sma[3]_range numeric
@attribute lspFreq_sma[3]_maxPos numeric
@attribute lspFreq_sma[3]_minPos numeric
@attribute lspFreq_sma[3]_amean numeric
@attribute lspFreq_sma[3]_linregc1 numeric
@attribute lspFreq_sma[3]_linregc2 numeric
@attribute lspFreq_sma[3]_linregerrA numeric
@attribute lspFreq_sma[3]_linregerrQ numeric
@attribute lspFreq_sma[3]_stddev numeric
@attribute lspFreq_sma[3]_skewness numeric
@attribute lspFreq_sma[3]_kurtosis numeric
@attribute lspFreq_sma[3]_quartile1 numeric
@attribute lspFreq_sma[3]_quartile2 numeric
@attribute lspFreq_sma[3]_quartile3 numeric
@attribute lspFreq_sma[3]_iqr1-2 numeric
@attribute lspFreq_sma[3]_iqr2-3 numeric
@attribute lspFreq_sma[3]_iqr1-3 numeric
@attribute lspFreq_sma[4]_max numeric
@attribute lspFreq_sma[4]_min numeric
@attribute lspFreq_sma[4]_range numeric
@attribute lspFreq_sma[4]_maxPos numeric
@attribute lspFreq_sma[4]_minPos numeric
@attribute lspFreq_sma[4]_amean numeric
@attribute lspFreq_sma[4]_linregc1 numeric
@attribute lspFreq_sma[4]_linregc2 numeric
@attribute lspFreq_sma[4]_linregerrA numeric
@attribute lspFreq_sma[4]_linregerrQ numeric
@attribute lspFreq_sma[4]_stddev numeric
@attribute lspFreq_sma[4]_skewness numeric
@attribute lspFreq_sma[4]_kurtosis numeric
@attribute lspFreq_sma[4]_quartile1 numeric
@attribute lspFreq_sma[4]_quartile2 numeric
@attribute lspFreq_sma[4]_quartile3 numeric
@attribute lspFreq_sma[4]_iqr1-2 numeric
@attribute lspFreq_sma[4]_iqr2-3 numeric
@attribute lspFreq_sma[4]_iqr1-3 numeric
@attribute lspFreq_sma[5]_max numeric
@attribute lspFreq_sma[5]_min numeric
@attribute lspFreq_sma[5]_range numeric
@attribute lspFreq_sma[5]_maxPos numeric
@attribute lspFreq_sma[5]_minPos numeric
@attribute lspFreq_sma[5]_amean numeric
@attribute lspFreq_sma[5]_linregc1 numeric
@attribute lspFreq_sma[5]_linregc2 numeric
@attribute lspFreq_sma[5]_linregerrA numeric
@attribute lspFreq_sma[5]_linregerrQ numeric
@attribute lspFreq_sma[5]_stddev numeric
@attribute lspFreq_sma[5]_skewness numeric
@attribute lspFreq_sma[5]_kurtosis numeric
@attribute lspFreq_sma[5]_quartile1 numeric
@attribute lspFreq_sma[5]_quartile2 numeric
@attribute lspFreq_sma[5]_quartile3 numeric
@attribute lspFreq_sma[5]_iqr1-2 numeric
@attribute lspFreq_sma[5]_iqr2-3 numeric
@attribute lspFreq_sma[5]_iqr1-3 numeric
@attribute lspFreq_sma[6]_max numeric
@attribute lspFreq_sma[6]_min numeric
@attribute lspFreq_sma[6]_range numeric
@attribute lspFreq_sma[6]_maxPos numeric
@attribute lspFreq_sma[6]_minPos numeric
@attribute lspFreq_sma[6]_amean numeric
@attribute lspFreq_sma[6]_linregc1 numeric
@attribute lspFreq_sma[6]_linregc2 numeric
@attribute lspFreq_sma[6]_linregerrA numeric
@attribute lspFreq_sma[6]_linregerrQ numeric
@attribute lspFreq_sma[6]_stddev numeric
@attribute lspFreq_sma[6]_skewness numeric
@attribute lspFreq_sma[6]_kurtosis numeric
@attribute lspFreq_sma[6]_quartile1 numeric
@attribute lspFreq_sma[6]_quartile2 numeric
@attribute lspFreq_sma[6]_quartile3 numeric
@attribute lspFreq_sma[6]_iqr1-2 numeric
@attribute lspFreq_sma[6]_iqr2-3 numeric
@attribute lspFreq_sma[6]_iqr1-3 numeric
@attribute lspFreq_sma[7]_max numeric
@attribute lspFreq_sma[7]_min numeric
@attribute lspFreq_sma[7]_range numeric
@attribute lspFreq_sma[7]_maxPos numeric
@attribute lspFreq_sma[7]_minPos numeric
@attribute lspFreq_sma[7]_amean numeric
@attribute lspFreq_sma[7]_linregc1 numeric
@attribute lspFreq_sma[7]_linregc2 numeric
@attribute lspFreq_sma[7]_linregerrA numeric
@attribute lspFreq_sma[7]_linregerrQ numeric
@attribute lspFreq_sma[7]_stddev numeric
@attribute lspFreq_sma[7]_skewness numeric
@attribute lspFreq_sma[7]_kurtosis numeric
@attribute lspFreq_sma[7]_quartile1 numeric
@attribute lspFreq_sma[7]_quartile2 numeric
@attribute lspFreq_sma[7]_quartile3 numeric
@attribute lspFreq_sma[7]_iqr1-2 numeric
@attribute lspFreq_sma[7]_iqr2-3 numeric
@attribute lspFreq_sma[7]_iqr1-3 numeric
@attribute pcm_zcr_sma_max numeric
@attribute pcm_zcr_sma_min numeric
@attribute pcm_zcr_sma_range numeric
@attribute pcm_zcr_sma_maxPos numeric
@attribute pcm_zcr_sma_minPos numeric
@attribute pcm_zcr_sma_amean numeric
@attribute pcm_zcr_sma_linregc1 numeric
@attribute pcm_zcr_sma_linregc2 numeric
@attribute pcm_zcr_sma_linregerrA numeric
@attribute pcm_zcr_sma_linregerrQ numeric
@attribute pcm_zcr_sma_stddev numeric
@attribute pcm_zcr_sma_skewness numeric
@attribute pcm_zcr_sma_kurtosis numeric
@attribute pcm_zcr_sma_quartile1 numeric
@attribute pcm_zcr_sma_quartile2 numeric
@attribute pcm_zcr_sma_quartile3 numeric
@attribute pcm_zcr_sma_iqr1-2 numeric
@attribute pcm_zcr_sma_iqr2-3 numeric
@attribute pcm_zcr_sma_iqr1-3 numeric
@attribute voiceProb_sma_max numeric
@attribute voiceProb_sma_min numeric
@attribute voiceProb_sma_range numeric
@attribute voiceProb_sma_maxPos numeric
@attribute voiceProb_sma_minPos numeric
@attribute voiceProb_sma_amean numeric
@attribute voiceProb_sma_linregc1 numeric
@attribute voiceProb_sma_linregc2 numeric
@attribute voiceProb_sma_linregerrA numeric
@attribute voiceProb_sma_linregerrQ numeric
@attribute voiceProb_sma_stddev numeric
@attribute voiceProb_sma_skewness numeric
@attribute voiceProb_sma_kurtosis numeric
@attribute voiceProb_sma_quartile1 numeric
@attribute voiceProb_sma_quartile2 numeric
@attribute voiceProb_sma_quartile3 numeric
@attribute voiceProb_sma_iqr1-2 numeric
@attribute voiceProb_sma_iqr2-3 numeric
@attribute voiceProb_sma_iqr1-3 numeric
@attribute F0_sma_max numeric
@attribute F0_sma_min numeric
@attribute F0_sma_range numeric
@attribute F0_sma_maxPos numeric
@attribute F0_sma_minPos numeric
@attribute F0_sma_amean numeric
@attribute F0_sma_linregc1 numeric
@attribute F0_sma_linregc2 numeric
@attribute F0_sma_linregerrA numeric
@attribute F0_sma_linregerrQ numeric
@attribute F0_sma_stddev numeric
@attribute F0_sma_skewness numeric
@attribute F0_sma_kurtosis numeric
@attribute F0_sma_quartile1 numeric
@attribute F0_sma_quartile2 numeric
@attribute F0_sma_quartile3 numeric
@attribute F0_sma_iqr1-2 numeric
@attribute F0_sma_iqr2-3 numeric
@attribute F0_sma_iqr1-3 numeric
@attribute F0env_sma_max numeric
@attribute F0env_sma_min numeric
@attribute F0env_sma_range numeric
@attribute F0env_sma_maxPos numeric
@attribute F0env_sma_minPos numeric
@attribute F0env_sma_amean numeric
@attribute F0env_sma_linregc1 numeric
@attribute F0env_sma_linregc2 numeric
@attribute F0env_sma_linregerrA numeric
@attribute F0env_sma_linregerrQ numeric
@attribute F0env_sma_stddev numeric
@attribute F0env_sma_skewness numeric
@attribute F0env_sma_kurtosis numeric
@attribute F0env_sma_quartile1 numeric
@attribute F0env_sma_quartile2 numeric
@attribute F0env_sma_quartile3 numeric
@attribute F0env_sma_iqr1-2 numeric
@attribute F0env_sma_iqr2-3 numeric
@attribute F0env_sma_iqr1-3 numeric
@attribute pcm_intensity_sma_de_max numeric
@attribute pcm_intensity_sma_de_min numeric
@attribute pcm_intensity_sma_de_range numeric
@attribute pcm_intensity_sma_de_maxPos numeric
@attribute pcm_intensity_sma_de_minPos numeric
@attribute pcm_intensity_sma_de_amean numeric
@attribute pcm_intensity_sma_de_linregc1 numeric
@attribute pcm_intensity_sma_de_linregc2 numeric
@attribute pcm_intensity_sma_de_linregerrA numeric
@attribute pcm_intensity_sma_de_linregerrQ numeric
@attribute pcm_intensity_sma_de_stddev numeric
@attribute pcm_intensity_sma_de_skewness numeric
@attribute pcm_intensity_sma_de_kurtosis numeric
@attribute pcm_intensity_sma_de_quartile1 numeric
@attribute pcm_intensity_sma_de_quartile2 numeric
@attribute pcm_intensity_sma_de_quartile3 numeric
@attribute pcm_intensity_sma_de_iqr1-2 numeric
@attribute pcm_intensity_sma_de_iqr2-3 numeric
@attribute pcm_intensity_sma_de_iqr1-3 numeric
@attribute pcm_loudness_sma_de_max numeric
@attribute pcm_loudness_sma_de_min numeric
@attribute pcm_loudness_sma_de_range numeric
@attribute pcm_loudness_sma_de_maxPos numeric
@attribute pcm_loudness_sma_de_minPos numeric
@attribute pcm_loudness_sma_de_amean numeric
@attribute pcm_loudness_sma_de_linregc1 numeric
@attribute pcm_loudness_sma_de_linregc2 numeric
@attribute pcm_loudness_sma_de_linregerrA numeric
@attribute pcm_loudness_sma_de_linregerrQ numeric
@attribute pcm_loudness_sma_de_stddev numeric
@attribute pcm_loudness_sma_de_skewness numeric
@attribute pcm_loudness_sma_de_kurtosis numeric
@attribute pcm_loudness_sma_de_quartile1 numeric
@attribute pcm_loudness_sma_de_quartile2 numeric
@attribute pcm_loudness_sma_de_quartile3 numeric
@attribute pcm_loudness_sma_de_iqr1-2 numeric
@attribute pcm_loudness_sma_de_iqr2-3 numeric
@attribute pcm_loudness_sma_de_iqr1-3 numeric
@attribute mfcc_sma_de[1]_max numeric
@attribute mfcc_sma_de[1]_min numeric
@attribute mfcc_sma_de[1]_range numeric
@attribute mfcc_sma_de[1]_maxPos numeric
@attribute mfcc_sma_de[1]_minPos numeric
@attribute mfcc_sma_de[1]_amean numeric
@attribute mfcc_sma_de[1]_linregc1 numeric
@attribute mfcc_sma_de[1]_linregc2 numeric
@attribute mfcc_sma_de[1]_linregerrA numeric
@attribute mfcc_sma_de[1]_linregerrQ numeric
@attribute mfcc_sma_de[1]_stddev numeric
@attribute mfcc_sma_de[1]_skewness numeric
@attribute mfcc_sma_de[1]_kurtosis numeric
@attribute mfcc_sma_de[1]_quartile1 numeric
@attribute mfcc_sma_de[1]_quartile2 numeric
@attribute mfcc_sma_de[1]_quartile3 numeric
@attribute mfcc_sma_de[1]_iqr1-2 numeric
@attribute mfcc_sma_de[1]_iqr2-3 numeric
@attribute mfcc_sma_de[1]_iqr1-3 numeric
@attribute mfcc_sma_de[2]_max numeric
@attribute mfcc_sma_de[2]_min numeric
@attribute mfcc_sma_de[2]_range numeric
@attribute mfcc_sma_de[2]_maxPos numeric
@attribute mfcc_sma_de[2]_minPos numeric
@attribute mfcc_sma_de[2]_amean numeric
@attribute mfcc_sma_de[2]_linregc1 numeric
@attribute mfcc_sma_de[2]_linregc2 numeric
@attribute mfcc_sma_de[2]_linregerrA numeric
@attribute mfcc_sma_de[2]_linregerrQ numeric
@attribute mfcc_sma_de[2]_stddev numeric
@attribute mfcc_sma_de[2]_skewness numeric
@attribute mfcc_sma_de[2]_kurtosis numeric
@attribute mfcc_sma_de[2]_quartile1 numeric
@attribute mfcc_sma_de[2]_quartile2 numeric
@attribute mfcc_sma_de[2]_quartile3 numeric
@attribute mfcc_sma_de[2]_iqr1-2 numeric
@attribute mfcc_sma_de[2]_iqr2-3 numeric
@attribute mfcc_sma_de[2]_iqr1-3 numeric
@attribute mfcc_sma_de[3]_max numeric
@attribute mfcc_sma_de[3]_min numeric
@attribute mfcc_sma_de[3]_range numeric
@attribute mfcc_sma_de[3]_maxPos numeric
@attribute mfcc_sma_de[3]_minPos numeric
@attribute mfcc_sma_de[3]_amean numeric
@attribute mfcc_sma_de[3]_linregc1 numeric
@attribute mfcc_sma_de[3]_linregc2 numeric
@attribute mfcc_sma_de[3]_linregerrA numeric
@attribute mfcc_sma_de[3]_linregerrQ numeric
@attribute mfcc_sma_de[3]_stddev numeric
@attribute mfcc_sma_de[3]_skewness numeric
@attribute mfcc_sma_de[3]_kurtosis numeric
@attribute mfcc_sma_de[3]_quartile1 numeric
@attribute mfcc_sma_de[3]_quartile2 numeric
@attribute mfcc_sma_de[3]_quartile3 numeric
@attribute mfcc_sma_de[3]_iqr1-2 numeric
@attribute mfcc_sma_de[3]_iqr2-3 numeric
@attribute mfcc_sma_de[3]_iqr1-3 numeric
@attribute mfcc_sma_de[4]_max numeric
@attribute mfcc_sma_de[4]_min numeric
@attribute mfcc_sma_de[4]_range numeric
@attribute mfcc_sma_de[4]_maxPos numeric
@attribute mfcc_sma_de[4]_minPos numeric
@attribute mfcc_sma_de[4]_amean numeric
@attribute mfcc_sma_de[4]_linregc1 numeric
@attribute mfcc_sma_de[4]_linregc2 numeric
@attribute mfcc_sma_de[4]_linregerrA numeric
@attribute mfcc_sma_de[4]_linregerrQ numeric
@attribute mfcc_sma_de[4]_stddev numeric
@attribute mfcc_sma_de[4]_skewness numeric
@attribute mfcc_sma_de[4]_kurtosis numeric
@attribute mfcc_sma_de[4]_quartile1 numeric
@attribute mfcc_sma_de[4]_quartile2 numeric
@attribute mfcc_sma_de[4]_quartile3 numeric
@attribute mfcc_sma_de[4]_iqr1-2 numeric
@attribute mfcc_sma_de[4]_iqr2-3 numeric
@attribute mfcc_sma_de[4]_iqr1-3 numeric
@attribute mfcc_sma_de[5]_max numeric
@attribute mfcc_sma_de[5]_min numeric
@attribute mfcc_sma_de[5]_range numeric
@attribute mfcc_sma_de[5]_maxPos numeric
@attribute mfcc_sma_de[5]_minPos numeric
@attribute mfcc_sma_de[5]_amean numeric
@attribute mfcc_sma_de[5]_linregc1 numeric
@attribute mfcc_sma_de[5]_linregc2 numeric
@attribute mfcc_sma_de[5]_linregerrA numeric
@attribute mfcc_sma_de[5]_linregerrQ numeric
@attribute mfcc_sma_de[5]_stddev numeric
@attribute mfcc_sma_de[5]_skewness numeric
@attribute mfcc_sma_de[5]_kurtosis numeric
@attribute mfcc_sma_de[5]_quartile1 numeric
@attribute mfcc_sma_de[5]_quartile2 numeric
@attribute mfcc_sma_de[5]_quartile3 numeric
@attribute mfcc_sma_de[5]_iqr1-2 numeric
@attribute mfcc_sma_de[5]_iqr2-3 numeric
@attribute mfcc_sma_de[5]_iqr1-3 numeric
@attribute mfcc_sma_de[6]_max numeric
@attribute mfcc_sma_de[6]_min numeric
@attribute mfcc_sma_de[6]_range numeric
@attribute mfcc_sma_de[6]_maxPos numeric
@attribute mfcc_sma_de[6]_minPos numeric
@attribute mfcc_sma_de[6]_amean numeric
@attribute mfcc_sma_de[6]_linregc1 numeric
@attribute mfcc_sma_de[6]_linregc2 numeric
@attribute mfcc_sma_de[6]_linregerrA numeric
@attribute mfcc_sma_de[6]_linregerrQ numeric
@attribute mfcc_sma_de[6]_stddev numeric
@attribute mfcc_sma_de[6]_skewness numeric
@attribute mfcc_sma_de[6]_kurtosis numeric
@attribute mfcc_sma_de[6]_quartile1 numeric
@attribute mfcc_sma_de[6]_quartile2 numeric
@attribute mfcc_sma_de[6]_quartile3 numeric
@attribute mfcc_sma_de[6]_iqr1-2 numeric
@attribute mfcc_sma_de[6]_iqr2-3 numeric
@attribute mfcc_sma_de[6]_iqr1-3 numeric
@attribute mfcc_sma_de[7]_max numeric
@attribute mfcc_sma_de[7]_min numeric
@attribute mfcc_sma_de[7]_range numeric
@attribute mfcc_sma_de[7]_maxPos numeric
@attribute mfcc_sma_de[7]_minPos numeric
@attribute mfcc_sma_de[7]_amean numeric
@attribute mfcc_sma_de[7]_linregc1 numeric
@attribute mfcc_sma_de[7]_linregc2 numeric
@attribute mfcc_sma_de[7]_linregerrA numeric
@attribute mfcc_sma_de[7]_linregerrQ numeric
@attribute mfcc_sma_de[7]_stddev numeric
@attribute mfcc_sma_de[7]_skewness numeric
@attribute mfcc_sma_de[7]_kurtosis numeric
@attribute mfcc_sma_de[7]_quartile1 numeric
@attribute mfcc_sma_de[7]_quartile2 numeric
@attribute mfcc_sma_de[7]_quartile3 numeric
@attribute mfcc_sma_de[7]_iqr1-2 numeric
@attribute mfcc_sma_de[7]_iqr2-3 numeric
@attribute mfcc_sma_de[7]_iqr1-3 numeric
@attribute mfcc_sma_de[8]_max numeric
@attribute mfcc_sma_de[8]_min numeric
@attribute mfcc_sma_de[8]_range numeric
@attribute mfcc_sma_de[8]_maxPos numeric
@attribute mfcc_sma_de[8]_minPos numeric
@attribute mfcc_sma_de[8]_amean numeric
@attribute mfcc_sma_de[8]_linregc1 numeric
@attribute mfcc_sma_de[8]_linregc2 numeric
@attribute mfcc_sma_de[8]_linregerrA numeric
@attribute mfcc_sma_de[8]_linregerrQ numeric
@attribute mfcc_sma_de[8]_stddev numeric
@attribute mfcc_sma_de[8]_skewness numeric
@attribute mfcc_sma_de[8]_kurtosis numeric
@attribute mfcc_sma_de[8]_quartile1 numeric
@attribute mfcc_sma_de[8]_quartile2 numeric
@attribute mfcc_sma_de[8]_quartile3 numeric
@attribute mfcc_sma_de[8]_iqr1-2 numeric
@attribute mfcc_sma_de[8]_iqr2-3 numeric
@attribute mfcc_sma_de[8]_iqr1-3 numeric
@attribute mfcc_sma_de[9]_max numeric
@attribute mfcc_sma_de[9]_min numeric
@attribute mfcc_sma_de[9]_range numeric
@attribute mfcc_sma_de[9]_maxPos numeric
@attribute mfcc_sma_de[9]_minPos numeric
@attribute mfcc_sma_de[9]_amean numeric
@attribute mfcc_sma_de[9]_linregc1 numeric
@attribute mfcc_sma_de[9]_linregc2 numeric
@attribute mfcc_sma_de[9]_linregerrA numeric
@attribute mfcc_sma_de[9]_linregerrQ numeric
@attribute mfcc_sma_de[9]_stddev numeric
@attribute mfcc_sma_de[9]_skewness numeric
@attribute mfcc_sma_de[9]_kurtosis numeric
@attribute mfcc_sma_de[9]_quartile1 numeric
@attribute mfcc_sma_de[9]_quartile2 numeric
@attribute mfcc_sma_de[9]_quartile3 numeric
@attribute mfcc_sma_de[9]_iqr1-2 numeric
@attribute mfcc_sma_de[9]_iqr2-3 numeric
@attribute mfcc_sma_de[9]_iqr1-3 numeric
@attribute mfcc_sma_de[10]_max numeric
@attribute mfcc_sma_de[10]_min numeric
@attribute mfcc_sma_de[10]_range numeric
@attribute mfcc_sma_de[10]_maxPos numeric
@attribute mfcc_sma_de[10]_minPos numeric
@attribute mfcc_sma_de[10]_amean numeric
@attribute mfcc_sma_de[10]_linregc1 numeric
@attribute mfcc_sma_de[10]_linregc2 numeric
@attribute mfcc_sma_de[10]_linregerrA numeric
@attribute mfcc_sma_de[10]_linregerrQ numeric
@attribute mfcc_sma_de[10]_stddev numeric
@attribute mfcc_sma_de[10]_skewness numeric
@attribute mfcc_sma_de[10]_kurtosis numeric
@attribute mfcc_sma_de[10]_quartile1 numeric
@attribute mfcc_sma_de[10]_quartile2 numeric
@attribute mfcc_sma_de[10]_quartile3 numeric
@attribute mfcc_sma_de[10]_iqr1-2 numeric
@attribute mfcc_sma_de[10]_iqr2-3 numeric
@attribute mfcc_sma_de[10]_iqr1-3 numeric
@attribute mfcc_sma_de[11]_max numeric
@attribute mfcc_sma_de[11]_min numeric
@attribute mfcc_sma_de[11]_range numeric
@attribute mfcc_sma_de[11]_maxPos numeric
@attribute mfcc_sma_de[11]_minPos numeric
@attribute mfcc_sma_de[11]_amean numeric
@attribute mfcc_sma_de[11]_linregc1 numeric
@attribute mfcc_sma_de[11]_linregc2 numeric
@attribute mfcc_sma_de[11]_linregerrA numeric
@attribute mfcc_sma_de[11]_linregerrQ numeric
@attribute mfcc_sma_de[11]_stddev numeric
@attribute mfcc_sma_de[11]_skewness numeric
@attribute mfcc_sma_de[11]_kurtosis numeric
@attribute mfcc_sma_de[11]_quartile1 numeric
@attribute mfcc_sma_de[11]_quartile2 numeric
@attribute mfcc_sma_de[11]_quartile3 numeric
@attribute mfcc_sma_de[11]_iqr1-2 numeric
@attribute mfcc_sma_de[11]_iqr2-3 numeric
@attribute mfcc_sma_de[11]_iqr1-3 numeric
@attribute mfcc_sma_de[12]_max numeric
@attribute mfcc_sma_de[12]_min numeric
@attribute mfcc_sma_de[12]_range numeric
@attribute mfcc_sma_de[12]_maxPos numeric
@attribute mfcc_sma_de[12]_minPos numeric
@attribute mfcc_sma_de[12]_amean numeric
@attribute mfcc_sma_de[12]_linregc1 numeric
@attribute mfcc_sma_de[12]_linregc2 numeric
@attribute mfcc_sma_de[12]_linregerrA numeric
@attribute mfcc_sma_de[12]_linregerrQ numeric
@attribute mfcc_sma_de[12]_stddev numeric
@attribute mfcc_sma_de[12]_skewness numeric
@attribute mfcc_sma_de[12]_kurtosis numeric
@attribute mfcc_sma_de[12]_quartile1 numeric
@attribute mfcc_sma_de[12]_quartile2 numeric
@attribute mfcc_sma_de[12]_quartile3 numeric
@attribute mfcc_sma_de[12]_iqr1-2 numeric
@attribute mfcc_sma_de[12]_iqr2-3 numeric
@attribute mfcc_sma_de[12]_iqr1-3 numeric
@attribute lspFreq_sma_de[0]_max numeric
@attribute lspFreq_sma_de[0]_min numeric
@attribute lspFreq_sma_de[0]_range numeric
@attribute lspFreq_sma_de[0]_maxPos numeric
@attribute lspFreq_sma_de[0]_minPos numeric
@attribute lspFreq_sma_de[0]_amean numeric
@attribute lspFreq_sma_de[0]_linregc1 numeric
@attribute lspFreq_sma_de[0]_linregc2 numeric
@attribute lspFreq_sma_de[0]_linregerrA numeric
@attribute lspFreq_sma_de[0]_linregerrQ numeric
@attribute lspFreq_sma_de[0]_stddev numeric
@attribute lspFreq_sma_de[0]_skewness numeric
@attribute lspFreq_sma_de[0]_kurtosis numeric
@attribute lspFreq_sma_de[0]_quartile1 numeric
@attribute lspFreq_sma_de[0]_quartile2 numeric
@attribute lspFreq_sma_de[0]_quartile3 numeric
@attribute lspFreq_sma_de[0]_iqr1-2 numeric
@attribute lspFreq_sma_de[0]_iqr2-3 numeric
@attribute lspFreq_sma_de[0]_iqr1-3 numeric
@attribute lspFreq_sma_de[1]_max numeric
@attribute lspFreq_sma_de[1]_min numeric
@attribute lspFreq_sma_de[1]_range numeric
@attribute lspFreq_sma_de[1]_maxPos numeric
@attribute lspFreq_sma_de[1]_minPos numeric
@attribute lspFreq_sma_de[1]_amean numeric
@attribute lspFreq_sma_de[1]_linregc1 numeric
@attribute lspFreq_sma_de[1]_linregc2 numeric
@attribute lspFreq_sma_de[1]_linregerrA numeric
@attribute lspFreq_sma_de[1]_linregerrQ numeric
@attribute lspFreq_sma_de[1]_stddev numeric
@attribute lspFreq_sma_de[1]_skewness numeric
@attribute lspFreq_sma_de[1]_kurtosis numeric
@attribute lspFreq_sma_de[1]_quartile1 numeric
@attribute lspFreq_sma_de[1]_quartile2 numeric
@attribute lspFreq_sma_de[1]_quartile3 numeric
@attribute lspFreq_sma_de[1]_iqr1-2 numeric
@attribute lspFreq_sma_de[1]_iqr2-3 numeric
@attribute lspFreq_sma_de[1]_iqr1-3 numeric
@attribute lspFreq_sma_de[2]_max numeric
@attribute lspFreq_sma_de[2]_min numeric
@attribute lspFreq_sma_de[2]_range numeric
@attribute lspFreq_sma_de[2]_maxPos numeric
@attribute lspFreq_sma_de[2]_minPos numeric
@attribute lspFreq_sma_de[2]_amean numeric
@attribute lspFreq_sma_de[2]_linregc1 numeric
@attribute lspFreq_sma_de[2]_linregc2 numeric
@attribute lspFreq_sma_de[2]_linregerrA numeric
@attribute lspFreq_sma_de[2]_linregerrQ numeric
@attribute lspFreq_sma_de[2]_stddev numeric
@attribute lspFreq_sma_de[2]_skewness numeric
@attribute lspFreq_sma_de[2]_kurtosis numeric
@attribute lspFreq_sma_de[2]_quartile1 numeric
@attribute lspFreq_sma_de[2]_quartile2 numeric
@attribute lspFreq_sma_de[2]_quartile3 numeric
@attribute lspFreq_sma_de[2]_iqr1-2 numeric
@attribute lspFreq_sma_de[2]_iqr2-3 numeric
@attribute lspFreq_sma_de[2]_iqr1-3 numeric
@attribute lspFreq_sma_de[3]_max numeric
@attribute lspFreq_sma_de[3]_min numeric
@attribute lspFreq_sma_de[3]_range numeric
@attribute lspFreq_sma_de[3]_maxPos numeric
@attribute lspFreq_sma_de[3]_minPos numeric
@attribute lspFreq_sma_de[3]_amean numeric
@attribute lspFreq_sma_de[3]_linregc1 numeric
@attribute lspFreq_sma_de[3]_linregc2 numeric
@attribute lspFreq_sma_de[3]_linregerrA numeric
@attribute lspFreq_sma_de[3]_linregerrQ numeric
@attribute lspFreq_sma_de[3]_stddev numeric
@attribute lspFreq_sma_de[3]_skewness numeric
@attribute lspFreq_sma_de[3]_kurtosis numeric
@attribute lspFreq_sma_de[3]_quartile1 numeric
@attribute lspFreq_sma_de[3]_quartile2 numeric
@attribute lspFreq_sma_de[3]_quartile3 numeric
@attribute lspFreq_sma_de[3]_iqr1-2 numeric
@attribute lspFreq_sma_de[3]_iqr2-3 numeric
@attribute lspFreq_sma_de[3]_iqr1-3 numeric
@attribute lspFreq_sma_de[4]_max numeric
@attribute lspFreq_sma_de[4]_min numeric
@attribute lspFreq_sma_de[4]_range numeric
@attribute lspFreq_sma_de[4]_maxPos numeric
@attribute lspFreq_sma_de[4]_minPos numeric
@attribute lspFreq_sma_de[4]_amean numeric
@attribute lspFreq_sma_de[4]_linregc1 numeric
@attribute lspFreq_sma_de[4]_linregc2 numeric
@attribute lspFreq_sma_de[4]_linregerrA numeric
@attribute lspFreq_sma_de[4]_linregerrQ numeric
@attribute lspFreq_sma_de[4]_stddev numeric
@attribute lspFreq_sma_de[4]_skewness numeric
@attribute lspFreq_sma_de[4]_kurtosis numeric
@attribute lspFreq_sma_de[4]_quartile1 numeric
@attribute lspFreq_sma_de[4]_quartile2 numeric
@attribute lspFreq_sma_de[4]_quartile3 numeric
@attribute lspFreq_sma_de[4]_iqr1-2 numeric
@attribute lspFreq_sma_de[4]_iqr2-3 numeric
@attribute lspFreq_sma_de[4]_iqr1-3 numeric
@attribute lspFreq_sma_de[5]_max numeric
@attribute lspFreq_sma_de[5]_min numeric
@attribute lspFreq_sma_de[5]_range numeric
@attribute lspFreq_sma_de[5]_maxPos numeric
@attribute lspFreq_sma_de[5]_minPos numeric
@attribute lspFreq_sma_de[5]_amean numeric
@attribute lspFreq_sma_de[5]_linregc1 numeric
@attribute lspFreq_sma_de[5]_linregc2 numeric
@attribute lspFreq_sma_de[5]_linregerrA numeric
@attribute lspFreq_sma_de[5]_linregerrQ numeric
@attribute lspFreq_sma_de[5]_stddev numeric
@attribute lspFreq_sma_de[5]_skewness numeric
@attribute lspFreq_sma_de[5]_kurtosis numeric
@attribute lspFreq_sma_de[5]_quartile1 numeric
@attribute lspFreq_sma_de[5]_quartile2 numeric
@attribute lspFreq_sma_de[5]_quartile3 numeric
@attribute lspFreq_sma_de[5]_iqr1-2 numeric
@attribute lspFreq_sma_de[5]_iqr2-3 numeric
@attribute lspFreq_sma_de[5]_iqr1-3 numeric
@attribute lspFreq_sma_de[6]_max numeric
@attribute lspFreq_sma_de[6]_min numeric
@attribute lspFreq_sma_de[6]_range numeric
@attribute lspFreq_sma_de[6]_maxPos numeric
@attribute lspFreq_sma_de[6]_minPos numeric
@attribute lspFreq_sma_de[6]_amean numeric
@attribute lspFreq_sma_de[6]_linregc1 numeric
@attribute lspFreq_sma_de[6]_linregc2 numeric
@attribute lspFreq_sma_de[6]_linregerrA numeric
@attribute lspFreq_sma_de[6]_linregerrQ numeric
@attribute lspFreq_sma_de[6]_stddev numeric
@attribute lspFreq_sma_de[6]_skewness numeric
@attribute lspFreq_sma_de[6]_kurtosis numeric
@attribute lspFreq_sma_de[6]_quartile1 numeric
@attribute lspFreq_sma_de[6]_quartile2 numeric
@attribute lspFreq_sma_de[6]_quartile3 numeric
@attribute lspFreq_sma_de[6]_iqr1-2 numeric
@attribute lspFreq_sma_de[6]_iqr2-3 numeric
@attribute lspFreq_sma_de[6]_iqr1-3 numeric
@attribute lspFreq_sma_de[7]_max numeric
@attribute lspFreq_sma_de[7]_min numeric
@attribute lspFreq_sma_de[7]_range numeric
@attribute lspFreq_sma_de[7]_maxPos numeric
@attribute lspFreq_sma_de[7]_minPos numeric
@attribute lspFreq_sma_de[7]_amean numeric
@attribute lspFreq_sma_de[7]_linregc1 numeric
@attribute lspFreq_sma_de[7]_linregc2 numeric
@attribute lspFreq_sma_de[7]_linregerrA numeric
@attribute lspFreq_sma_de[7]_linregerrQ numeric
@attribute lspFreq_sma_de[7]_stddev numeric
@attribute lspFreq_sma_de[7]_skewness numeric
@attribute lspFreq_sma_de[7]_kurtosis numeric
@attribute lspFreq_sma_de[7]_quartile1 numeric
@attribute lspFreq_sma_de[7]_quartile2 numeric
@attribute lspFreq_sma_de[7]_quartile3 numeric
@attribute lspFreq_sma_de[7]_iqr1-2 numeric
@attribute lspFreq_sma_de[7]_iqr2-3 numeric
@attribute lspFreq_sma_de[7]_iqr1-3 numeric
@attribute pcm_zcr_sma_de_max numeric
@attribute pcm_zcr_sma_de_min numeric
@attribute pcm_zcr_sma_de_range numeric
@attribute pcm_zcr_sma_de_maxPos numeric
@attribute pcm_zcr_sma_de_minPos numeric
@attribute pcm_zcr_sma_de_amean numeric
@attribute pcm_zcr_sma_de_linregc1 numeric
@attribute pcm_zcr_sma_de_linregc2 numeric
@attribute pcm_zcr_sma_de_linregerrA numeric
@attribute pcm_zcr_sma_de_linregerrQ numeric
@attribute pcm_zcr_sma_de_stddev numeric
@attribute pcm_zcr_sma_de_skewness numeric
@attribute pcm_zcr_sma_de_kurtosis numeric
@attribute pcm_zcr_sma_de_quartile1 numeric
@attribute pcm_zcr_sma_de_quartile2 numeric
@attribute pcm_zcr_sma_de_quartile3 numeric
@attribute pcm_zcr_sma_de_iqr1-2 numeric
@attribute pcm_zcr_sma_de_iqr2-3 numeric
@attribute pcm_zcr_sma_de_iqr1-3 numeric
@attribute voiceProb_sma_de_max numeric
@attribute voiceProb_sma_de_min numeric
@attribute voiceProb_sma_de_range numeric
@attribute voiceProb_sma_de_maxPos numeric
@attribute voiceProb_sma_de_minPos numeric
@attribute voiceProb_sma_de_amean numeric
@attribute voiceProb_sma_de_linregc1 numeric
@attribute voiceProb_sma_de_linregc2 numeric
@attribute voiceProb_sma_de_linregerrA numeric
@attribute voiceProb_sma_de_linregerrQ numeric
@attribute voiceProb_sma_de_stddev numeric
@attribute voiceProb_sma_de_skewness numeric
@attribute voiceProb_sma_de_kurtosis numeric
@attribute voiceProb_sma_de_quartile1 numeric
@attribute voiceProb_sma_de_quartile2 numeric
@attribute voiceProb_sma_de_quartile3 numeric
@attribute voiceProb_sma_de_iqr1-2 numeric
@attribute voiceProb_sma_de_iqr2-3 numeric
@attribute voiceProb_sma_de_iqr1-3 numeric
@attribute F0_sma_de_max numeric
@attribute F0_sma_de_min numeric
@attribute F0_sma_de_range numeric
@attribute F0_sma_de_maxPos numeric
@attribute F0_sma_de_minPos numeric
@attribute F0_sma_de_amean numeric
@attribute F0_sma_de_linregc1 numeric
@attribute F0_sma_de_linregc2 numeric
@attribute F0_sma_de_linregerrA numeric
@attribute F0_sma_de_linregerrQ numeric
@attribute F0_sma_de_stddev numeric
@attribute F0_sma_de_skewness numeric
@attribute F0_sma_de_kurtosis numeric
@attribute F0_sma_de_quartile1 numeric
@attribute F0_sma_de_quartile2 numeric
@attribute F0_sma_de_quartile3 numeric
@attribute F0_sma_de_iqr1-2 numeric
@attribute F0_sma_de_iqr2-3 numeric
@attribute F0_sma_de_iqr1-3 numeric
@attribute F0env_sma_de_max numeric
@attribute F0env_sma_de_min numeric
@attribute F0env_sma_de_range numeric
@attribute F0env_sma_de_maxPos numeric
@attribute F0env_sma_de_minPos numeric
@attribute F0env_sma_de_amean numeric
@attribute F0env_sma_de_linregc1 numeric
@attribute F0env_sma_de_linregc2 numeric
@attribute F0env_sma_de_linregerrA numeric
@attribute F0env_sma_de_linregerrQ numeric
@attribute F0env_sma_de_stddev numeric
@attribute F0env_sma_de_skewness numeric
@attribute F0env_sma_de_kurtosis numeric
@attribute F0env_sma_de_quartile1 numeric
@attribute F0env_sma_de_quartile2 numeric
@attribute F0env_sma_de_quartile3 numeric
@attribute F0env_sma_de_iqr1-2 numeric
@attribute F0env_sma_de_iqr2-3 numeric
@attribute F0env_sma_de_iqr1-3 numeric
@attribute emotion unknown

@data

'liveturn_0',0.012500,3.293595e-07,4.202586e-11,3.293175e-07,2.450000e+03,1.419800e+04,1.083449e-08,1.038131e-14,1.076020e-08,6.851987e-09,1.211353e-16,1.100623e-08,8.466687e+00,1.848488e+02,4.278674e-09,8.308350e-09,1.437524e-08,4.029676e-09,6.066887e-09,1.009656e-08,5.889981e-01,3.843088e-02,5.505673e-01,2.450000e+03,1.419800e+04,2.079036e-01,3.196304e-07,2.056161e-01,4.677629e-02,3.440612e-03,5.867160e-02,3.185516e-01,3.361246e+00,1.669427e-01,2.053457e-01,2.462124e-01,3.840299e-02,4.086666e-02,7.926965e-02,5.498237e+00,-2.684071e+01,3.233894e+01,1.315000e+04,9.611000e+03,3.114253e-01,9.010312e-07,3.049771e-01,1.281766e+00,4.074361e+00,2.018508e+00,-3.533753e+00,2.980637e+01,-4.118737e-01,5.343850e-01,1.419890e+00,9.462587e-01,8.855047e-01,1.831763e+00,1.138691e+01,-2.409877e+01,3.548567e+01,9.610000e+03,2.811000e+03,-5.826768e+00,3.478831e-06,-5.851665e+00,1.703252e+00,5.180175e+00,2.276045e+00,-1.759766e-01,7.421844e+00,-7.189002e+00,-5.812959e+00,-4.419748e+00,1.376043e+00,1.393210e+00,2.769253e+00,3.118471e+00,-2.885148e+01,3.196995e+01,1.410900e+04,2.448000e+03,-9.031852e+00,2.724173e-05,-9.226808e+00,2.140426e+00,7.462825e+00,2.734135e+00,-5.625506e-02,3.948397e+00,-1.082553e+01,-9.035461e+00,-7.255608e+00,1.790071e+00,1.779853e+00,3.569924e+00,7.970404e+00,-1.937190e+01,2.734231e+01,1.493000e+03,1.300400e+04,-5.289383e+00,1.242641e-05,-5.378313e+00,2.514148e+00,1.013577e+01,3.184087e+00,9.237494e-03,3.255089e+00,-7.368915e+00,-5.289598e+00,-3.175959e+00,2.079317e+00,2.113639e+00,4.192955e+00,1.993278e+01,-1.664079e+01,3.657357e+01,5.937000e+03,9.147000e+03,-3.152271e+00,6.211279e-06,-3.196722e+00,3.057840e+00,1.539805e+01,3.924119e+00,4.079168e-01,4.287063e+00,-5.736687e+00,-3.309430e+00,-7.066271e-01,2.427258e+00,2.602803e+00,5.030060e+00,1.980673e+01,-1.720837e+01,3.701510e+01,9.537000e+03,1.300500e+04,3.766706e+00,-1.444098e-05,3.870053e+00,3.247336e+00,1.683637e+01,4.103649e+00,-7.986435e-02,3.299815e+00,1.083491e+00,3.808818e+00,6.495482e+00,2.725327e+00,2.686664e+00,5.411991e+00,2.160394e+01,-1.560881e+01,3.721276e+01,5.102000e+03,3.055000e+03,2.551647e+00,4.367685e-06,2.520390e+00,3.486569e+00,1.927294e+01,4.390132e+00,1.464560e-02,3.139047e+00,-3.630837e-01,2.503833e+00,5.494441e+00,2.866917e+00,2.990607e+00,5.857524e+00,2.508960e+01,-1.347470e+01,3.856430e+01,1.270600e+04,1.870000e+03,6.354225e+00,1.203753e-05,6.268078e+00,3.734001e+00,2.198684e+01,4.689276e+00,-4.360336e-02,3.069494e+00,3.198829e+00,6.392677e+00,9.495563e+00,3.193848e+00,3.102885e+00,6.296733e+00,2.580241e+01,-1.218478e+01,3.798718e+01,2.212000e+03,6.777000e+03,7.973661e+00,-1.906903e-05,8.110128e+00,3.698334e+00,2.175897e+01,4.665317e+00,-9.165918e-02,3.142369e+00,4.917680e+00,8.022379e+00,1.113974e+01,3.104699e+00,3.117364e+00,6.222063e+00,2.116509e+01,-1.855855e+01,3.972364e+01,1.068200e+04,1.151300e+04,1.405034e+00,5.236058e-06,1.367562e+00,3.768753e+00,2.235295e+01,4.727940e+00,8.047881e-03,3.078364e+00,-1.743800e+00,1.378843e+00,4.608430e+00,3.122643e+00,3.229587e+00,6.352230e+00,2.377799e+01,-1.822510e+01,4.200309e+01,9.610000e+03,1.942000e+03,4.461226e+00,2.079508e-05,4.312407e+00,3.718201e+00,2.199462e+01,4.690629e+00,-8.226624e-02,3.186878e+00,1.347363e+00,4.520435e+00,7.574917e+00,3.173072e+00,3.054482e+00,6.227554e+00,1.853467e+01,-2.207702e+01,4.061169e+01,3.917000e+03,1.343400e+04,2.882014e+00,3.317159e-05,2.644621e+00,3.551837e+00,1.995000e+01,4.468644e+00,-2.368903e-01,3.331709e+00,-3.197678e-02,3.003058e+00,5.939818e+00,3.035035e+00,2.936759e+00,5.971795e+00,5.962144e-01,1.639148e-01,4.322996e-01,9.610000e+03,9.043000e+03,2.130217e-01,3.743871e-08,2.127537e-01,1.204653e-02,4.475538e-04,2.115603e-02,5.531599e+00,6.074850e+01,2.025852e-01,2.105168e-01,2.192893e-01,7.931590e-03,8.772463e-03,1.670405e-02,8.370297e-01,3.240167e-01,5.130130e-01,9.610000e+03,5.070000e+02,5.609387e-01,-1.329167e-07,5.618899e-01,1.590692e-02,5.886098e-04,2.426750e-02,1.517382e+00,2.076545e+01,5.481841e-01,5.595819e-01,5.713631e-01,1.139784e-02,1.178116e-02,2.317899e-02,1.091842e+00,7.069548e-01,3.848874e-01,3.959000e+03,1.316900e+04,9.717068e-01,-3.571560e-07,9.742628e-01,1.552151e-02,5.525977e-04,2.355368e-02,-2.342512e+00,1.566992e+01,9.628006e-01,9.741553e-01,9.849535e-01,1.135468e-02,1.079822e-02,2.215290e-02,1.473888e+00,1.075041e+00,3.988472e-01,7.640000e+03,8.515000e+03,1.355857e+00,-3.079228e-07,1.358061e+00,1.564483e-02,6.064647e-04,2.465935e-02,-2.992625e+00,2.174757e+01,1.347427e+00,1.358841e+00,1.369292e+00,1.141346e-02,1.045144e-02,2.186489e-02,1.792127e+00,1.407346e+00,3.847805e-01,9.567000e+03,1.363900e+04,1.729010e+00,-1.185165e-08,1.729095e+00,1.436298e-02,6.147562e-04,2.479433e-02,-3.962473e+00,2.902953e+01,1.723349e+00,1.732730e+00,1.741444e+00,9.380460e-03,8.714437e-03,1.809490e-02,2.151626e+00,1.673237e+00,4.783890e-01,5.412000e+03,9.634000e+03,2.061620e+00,4.701251e-08,2.061283e+00,1.439185e-02,7.026292e-04,2.650787e-02,-4.866999e+00,4.054718e+01,2.056174e+00,2.065624e+00,2.074001e+00,9.450436e-03,8.376598e-03,1.782703e-02,2.454571e+00,2.060601e+00,3.939707e-01,5.315000e+03,1.343400e+04,2.404835e+00,7.469907e-08,2.404300e+00,1.192742e-02,4.637413e-04,2.153686e-02,-5.412808e+00,5.522701e+01,2.399264e+00,2.407569e+00,2.415275e+00,8.305073e-03,7.705927e-03,1.601100e-02,2.760321e+00,2.363787e+00,3.965340e-01,7.160000e+03,9.634000e+03,2.688902e+00,1.188989e-07,2.688051e+00,1.054430e-02,3.360791e-04,1.833904e-02,-5.272854e+00,5.793417e+01,2.682954e+00,2.690734e+00,2.697902e+00,7.780790e-03,7.167578e-03,1.494837e-02,1.725597e-01,8.763977e-03,1.637957e-01,2.451000e+03,8.582000e+03,3.337562e-02,-7.055516e-08,3.388055e-02,6.335256e-03,7.387036e-05,8.599730e-03,2.247729e+00,2.859100e+01,2.780296e-02,3.294047e-02,3.838018e-02,5.137505e-03,5.439710e-03,1.057721e-02,7.656296e-01,1.770138e-01,5.886158e-01,2.194000e+03,1.056000e+03,4.077842e-01,4.238988e-07,4.047506e-01,7.245872e-02,8.133676e-03,9.020390e-02,4.694761e-01,2.966654e+00,3.413320e-01,3.992106e-01,4.654672e-01,5.787867e-02,6.625655e-02,1.241352e-01,4.666667e+02,0.000000e+00,4.666667e+02,5.326000e+03,0.000000e+00,3.248267e+01,-1.845917e-04,3.380370e+01,5.520343e+01,7.188821e+03,8.479034e+01,2.677584e+00,9.395793e+00,0.000000e+00,0.000000e+00,0.000000e+00,0.000000e+00,0.000000e+00,0.000000e+00,4.564772e+02,0.000000e+00,4.564772e+02,1.104500e+04,0.000000e+00,3.767014e+02,2.205384e-04,3.751231e+02,2.927383e+01,1.816363e+03,4.262856e+01,-3.472352e+00,2.928174e+01,3.545345e+02,3.850217e+02,4.032346e+02,3.048718e+01,1.821289e+01,4.870007e+01,9.483286e-08,-9.627342e-08,1.911063e-07,2.448000e+03,2.452000e+03,-6.692924e-13,1.102790e-16,-1.458504e-12,2.523641e-09,1.694239e-17,4.116114e-09,5.790472e-01,1.079793e+02,-1.804061e-09,2.312066e-11,1.731363e-09,1.827182e-09,1.708242e-09,3.535424e-09,1.162340e-01,-1.211237e-01,2.373578e-01,1.300400e+04,2.452000e+03,-5.457934e-06,2.824083e-09,-2.566849e-05,1.770031e-02,4.942863e-04,2.223255e-02,4.429915e-02,3.154657e+00,-1.490861e-02,-3.436059e-05,1.496188e-02,1.487425e-02,1.499624e-02,2.987049e-02,4.930785e+00,-7.000585e+00,1.193137e+01,1.270800e+04,9.609000e+03,-1.738456e-04,1.394552e-07,-1.171856e-03,4.381398e-01,3.939379e-01,6.276450e-01,-3.211550e-01,1.301277e+01,-3.358254e-01,-8.640401e-04,3.354439e-01,3.349614e-01,3.363079e-01,6.712693e-01,5.991782e+00,-5.173446e+00,1.116523e+01,1.300400e+04,6.427000e+03,-4.080512e-04,1.621211e-07,-1.568271e-03,6.136640e-01,6.557091e-01,8.097590e-01,9.009889e-02,5.751571e+00,-4.982110e-01,-1.042557e-02,4.878340e-01,4.877855e-01,4.982596e-01,9.860450e-01,4.178570e+00,-4.794536e+00,8.973105e+00,3.313000e+03,2.809000e+03,-1.756749e-04,1.622093e-07,-1.336526e-03,7.730569e-01,9.501848e-01,9.747744e-01,-5.974936e-03,3.241053e+00,-6.566132e-01,-5.190754e-03,6.518580e-01,6.514224e-01,6.570487e-01,1.308471e+00,4.815100e+00,-4.469851e+00,9.284951e+00,1.040300e+04,7.500000e+01,-2.342250e-04,3.393417e-08,-4.770748e-04,9.214171e-01,1.330332e+00,1.153400e+00,5.640280e-03,3.067415e+00,-7.815174e-01,-8.026540e-04,7.827190e-01,7.807148e-01,7.835217e-01,1.564236e+00,6.220942e+00,-6.332541e+00,1.255348e+01,2.640000e+03,1.328000e+03,7.925207e-05,-1.898307e-07,1.437775e-03,1.103169e+00,1.952642e+00,1.397370e+00,-9.695186e-03,3.401471e+00,-9.194026e-01,-1.180303e-03,9.234945e-01,9.182223e-01,9.246748e-01,1.842897e+00,5.836850e+00,-6.027864e+00,1.186471e+01,1.325900e+04,3.795000e+03,4.004120e-04,-6.776569e-08,8.853771e-04,1.184543e+00,2.231018e+00,1.493659e+00,4.865672e-02,3.102589e+00,-9.845548e-01,-1.323391e-02,9.835365e-01,9.713209e-01,9.967704e-01,1.968091e+00,5.864621e+00,-6.504871e+00,1.236949e+01,1.940000e+03,4.759000e+03,-3.815425e-04,3.332084e-07,-2.766149e-03,1.270374e+00,2.563964e+00,1.601239e+00,1.886871e-03,3.086099e+00,-1.056804e+00,-5.949819e-03,1.066139e+00,1.050854e+00,1.072089e+00,2.122943e+00,6.558602e+00,-7.722604e+00,1.428121e+01,1.308400e+04,8.812000e+03,-4.401224e-04,1.713679e-07,-1.666517e-03,1.373707e+00,2.948191e+00,1.717030e+00,-9.614478e-03,3.002165e+00,-1.165545e+00,1.288569e-03,1.168363e+00,1.166833e+00,1.167074e+00,2.333907e+00,7.233603e+00,-7.960962e+00,1.519456e+01,7.567000e+03,8.811000e+03,3.158475e-04,1.064934e-07,-4.462723e-04,1.338633e+00,2.840693e+00,1.685436e+00,-1.510614e-03,3.138004e+00,-1.116279e+00,-2.100945e-04,1.138983e+00,1.116069e+00,1.139193e+00,2.255262e+00,8.487195e+00,-6.761580e+00,1.524878e+01,1.151500e+04,6.328000e+03,-5.817094e-05,1.310239e-07,-9.958432e-04,1.365554e+00,2.934785e+00,1.713121e+00,2.506307e-02,3.069532e+00,-1.147656e+00,-1.491621e-03,1.156556e+00,1.146164e+00,1.158048e+00,2.304212e+00,7.481032e+00,-6.604520e+00,1.408555e+01,6.276000e+03,1.269400e+04,3.776442e-04,-5.647815e-08,7.818301e-04,1.364314e+00,2.953240e+00,1.718499e+00,-1.010087e-02,3.105611e+00,-1.139830e+00,2.768209e-02,1.142031e+00,1.167512e+00,1.114349e+00,2.281860e+00,6.874600e+00,-7.162473e+00,1.403707e+01,2.818000e+03,1.343200e+04,4.695854e-04,1.948283e-07,-9.247033e-04,1.314958e+00,2.710334e+00,1.646309e+00,2.612782e-03,3.032492e+00,-1.116065e+00,1.367712e-03,1.109058e+00,1.117433e+00,1.107690e+00,2.225123e+00,1.005232e-01,-7.091194e-02,1.714351e-01,9.609000e+03,9.613000e+03,2.387990e-06,-1.362029e-09,1.213535e-05,4.068627e-03,4.168157e-05,6.456129e-03,6.433144e-01,2.968413e+01,-2.998123e-03,-3.740490e-05,2.966697e-03,2.960718e-03,3.004102e-03,5.964820e-03,6.895605e-02,-5.725757e-02,1.262136e-01,9.608000e+03,1.868000e+03,-1.996550e-06,-4.143803e-10,9.689624e-07,5.284012e-03,5.688102e-05,7.541951e-03,1.921753e-01,1.074462e+01,-4.020241e-03,-4.964769e-05,4.003579e-03,3.970593e-03,4.053227e-03,8.023820e-03,6.883129e-02,-7.251494e-02,1.413462e-01,1.317100e+04,1.316700e+04,-1.486228e-06,7.520778e-10,-6.868473e-06,5.090289e-03,5.633148e-05,7.505430e-03,-1.793829e-01,1.231119e+01,-3.712334e-03,6.496310e-05,3.709427e-03,3.777297e-03,3.644464e-03,7.421761e-03,7.387666e-02,-7.369427e-02,1.475709e-01,8.517000e+03,1.939000e+03,-9.609909e-07,-3.214616e-10,1.339549e-06,5.230002e-03,6.318137e-05,7.948671e-03,-2.782934e-01,1.588026e+01,-3.798202e-03,7.272363e-05,3.795382e-03,3.870925e-03,3.722659e-03,7.593584e-03,7.209444e-02,-9.171462e-02,1.638091e-01,1.364100e+04,1.363700e+04,-7.459184e-07,6.915797e-10,-5.695209e-06,4.596099e-03,5.286704e-05,7.270973e-03,-4.935963e-01,2.048282e+01,-3.241292e-03,-2.784729e-05,3.215888e-03,3.213444e-03,3.243736e-03,6.457180e-03,8.053485e-02,-9.702523e-02,1.775601e-01,1.343600e+04,1.300200e+04,-1.660192e-06,8.946019e-10,-8.062411e-06,4.686288e-03,6.086839e-05,7.801821e-03,-7.542403e-01,2.664285e+01,-3.214049e-03,-1.238585e-05,3.219527e-03,3.201663e-03,3.231913e-03,6.433576e-03,8.643179e-02,-9.194660e-02,1.783784e-01,1.343600e+04,1.343200e+04,-7.049036e-08,1.409935e-10,-1.079510e-06,4.100502e-03,4.344658e-05,6.591402e-03,-8.302606e-01,3.142305e+01,-2.889282e-03,4.935265e-05,2.975511e-03,2.938634e-03,2.926159e-03,5.864793e-03,8.157923e-02,-8.704779e-02,1.686270e-01,9.636000e+03,9.632000e+03,6.544301e-08,1.712137e-12,5.319010e-08,3.807577e-03,3.699275e-05,6.082167e-03,-5.320257e-01,3.248441e+01,-2.812415e-03,1.974106e-05,2.831417e-03,2.832156e-03,2.811676e-03,5.643832e-03,3.695981e-02,-3.339378e-02,7.035358e-02,9.609000e+03,9.613000e+03,1.537000e-06,-6.485207e-10,6.178138e-06,2.255584e-03,8.724396e-06,2.953710e-03,7.110608e-02,1.011907e+01,-1.843457e-03,-1.396984e-10,1.843458e-03,1.843457e-03,1.843458e-03,3.686915e-03,1.158222e-01,-1.233288e-01,2.391510e-01,3.453000e+03,8.283000e+03,-1.447864e-05,4.529127e-09,-4.689133e-05,2.581161e-02,1.051257e-03,3.242311e-02,-3.526679e-02,3.000696e+00,-2.180360e-02,1.088083e-04,2.198237e-02,2.191241e-02,2.187356e-02,4.378597e-02,1.260000e+02,-1.230164e+02,2.490164e+02,5.324000e+03,7.129000e+03,-5.226441e-09,-1.902437e-06,1.361478e-02,1.392188e+01,9.334749e+02,3.055282e+01,1.543157e-02,6.967026e+00,0.000000e+00,0.000000e+00,0.000000e+00,0.000000e+00,0.000000e+00,0.000000e+00,3.242648e+01,-2.045497e+01,5.288145e+01,6.400000e+01,2.633000e+03,2.627544e-02,-1.104871e-05,1.053455e-01,8.172783e-01,5.438779e+00,2.332566e+00,6.527316e-01,2.783928e+01,0.000000e+00,0.000000e+00,0.000000e+00,0.000000e+00,0.000000e+00,0.000000e+00,unassigned
'unknown',1.148879e+00,1.709993e-01,8.204752e-01,3.163815e-01,3.264219e-01,3.376787e-01,1.004043e-02,1.125684e-02,2.129728e-02,2.934509e-01,5.071803e-01,2.137294e-01,4.285806e-02,9.270374e+00,1.406232e+02,7.215263e+00,3.391000e+01,1.670000e+00,8.901957e+00,6.918239e-03,9.084556e-04,3.494060e-04,6.988120e-05,4.989168e-01,5.032150e-01,3.800241e-04,-1.408115e+00,4.340817e-01,4.255467e-01,-6.145437e-01,1.649203e-01,2.853634e+00,1.710692e-01,9.097135e-01,9.621593e-01,9.871881e-01,1.012624e+00,2.502877e-02,2.543616e-02,5.046493e-02,8.633380e-01,1.386033e+00,5.226952e-01,9.754723e-02,8.378049e+00,1.312222e+02,5.077777e+00,1.756000e+01,1.670000e+00,3.673451e+00,1.006289e-02,1.118099e-03,2.096436e-04,1.397624e-04,5.108673e-01,5.238328e-01,6.273577e-04,-1.992519e+00,1.358170e+00,-1.610029e-01,-2.759361e-01,7.190989e-02,3.087388e-02,1.709993e-01,9.253669e-01,5.478384e-03,6.071803e-03,6.786954e-03,5.934187e-04,7.151510e-04,1.308570e-03,4.382288e-03,9.907548e-03,5.525260e-03,1.268923e-03,4.831253e+00,7.036253e+01,8.348823e+00,3.369000e+01,1.660000e+00,9.721283e+00,5.520615e-03,7.686932e-04,3.494060e-04,6.988120e-05,4.992662e-01,5.000000e-01,1.759308e-07,-1.963168e+00,1.671172e+00,-8.258820e-01,1.778809e-01,-5.675461e-02,1.282439e-01,1.710692e-01,5.994409e-01,2.897455e-02,3.313177e-02,3.716302e-02,4.157217e-03,4.031245e-03,8.188462e-03,2.015621e-02,4.925674e-02,2.910053e-02,6.903186e-03,2.488875e+00,3.101215e+01,2.754000e+00,8.660000e+00,1.430000e+00,1.305589e+00,2.655486e-02,1.327743e-03,6.289308e-04,2.795248e-04,4.949332e-01,4.910540e-01,2.124981e-06,-1.769542e+00,7.361242e-01,2.671166e-01,-1.765028e-01,-5.527879e-02,5.371970e-01,1.708595e-01,1.711391e-01,-3.757430e-03,-1.002192e-04,3.626672e-03,3.657211e-03,3.726891e-03,7.384102e-03,-3.980802e-02,4.162412e-02,8.143213e-02,1.398453e-02,1.769225e+00,7.997429e+01,1.523555e+01,3.366000e+01,2.050000e+00,1.227531e+01,9.984626e-01,1.320755e-02,4.192872e-04,6.988120e-05,5.161786e-01,4.965754e-01,2.206841e-05,-1.684029e+00,1.225971e+00,4.391596e-02,-5.806798e-01,3.619562e-01,1.172162e+00,1.709294e-01,1.712089e-01,-7.188616e-03,4.902959e-04,8.051589e-03,7.678912e-03,7.561293e-03,1.524021e-02,-1.016979e-01,8.689372e-02,1.885916e-01,3.076738e-02,4.934572e-01,7.514112e+01,1.523778e+01,6.518999e+01,2.060000e+00,1.884120e+01,9.977638e-01,1.187980e-02,3.494060e-04,1.397624e-04,5.231673e-01,4.972742e-01,1.300330e-05,-2.984369e+00,4.287785e+00,-3.522992e+00,1.650429e+00,-3.325836e-01,1.542939e-02,1.708595e-01,1.711391e-01,-2.273665e-04,-8.609379e-07,2.244946e-04,2.265056e-04,2.253556e-04,4.518612e-04,-9.605545e-04,9.611820e-04,1.921737e-03,4.333044e-04,4.570142e-01,4.301489e+01,6.536500e+01,1.055700e+02,2.516000e+01,4.020500e+01,9.995108e-01,1.910552e-01,3.494060e-04,2.096436e-04,5.208610e-01,5.036343e-01,1.035979e-08,-2.161394e+00,2.346918e+00,-1.255312e+00,2.490808e-01,1.074743e-01,4.023684e-02,6.712089e-01,6.716282e-01,-1.083397e-03,2.519516e-05,1.083396e-03,1.108592e-03,1.058200e-03,2.166792e-03,-4.006047e-03,3.955656e-03,7.961703e-03,1.750813e-03,1.871476e-02,1.239360e+01,4.837500e+01,7.160000e+01,2.515000e+01,2.322500e+01,9.993711e-01,4.451433e-01,6.988120e-04,2.795248e-04,5.008037e-01,4.993011e-01,1.237614e-07,-1.971367e+00,1.358725e+00,1.394480e-02,-4.312801e-01,1.935785e-01,1.896171e-01,9.085511e-01,8.112338e-01,1.166853e-01,1.302529e-01,1.446282e-01,1.356757e-02,1.437534e-02,2.794291e-02,8.597960e-02,1.859054e-01,9.992579e-02,2.118164e-02,3.493850e-01,3.496686e+00,1.633068e+00,2.570000e+00,1.430000e+00,2.316853e-01,8.662847e-01,1.209306e-01,2.235573e-03,2.095850e-04,4.965416e-01,5.095025e-01,2.394010e-05,-2.165727e+00,1.699420e+00,-2.930656e-01,-3.756344e-01,1.364657e-01,6.560482e-01,9.385916e-01,4.282521e-01,2.478662e-01,2.724076e-01,2.981894e-01,2.454138e-02,2.578181e-02,5.032319e-02,1.955623e-01,4.031253e-01,2.075630e-01,4.396164e-02,1.944449e+00,1.606088e+01,1.623523e+00,2.270000e+00,1.430000e+00,1.830055e-01,1.526478e-01,3.842392e-03,9.780634e-04,2.095850e-04,5.016419e-01,5.103410e-01,1.170699e-04,-2.129598e+00,1.660497e+00,-3.408019e-01,-3.213252e-01,1.328900e-01,8.366852e-01,9.085511e-01,4.283918e-01,3.835977e-01,4.205527e-01,4.592204e-01,3.695500e-02,3.866771e-02,7.562271e-02,3.061030e-01,5.983132e-01,2.922102e-01,6.165241e-02,1.238461e+00,9.190579e+00,1.480206e+00,1.680000e+00,1.430000e+00,5.380336e-02,3.977225e-01,6.077966e-03,6.287551e-04,1.397233e-04,4.989869e-01,5.084544e-01,2.348515e-04,-2.112509e+00,1.562560e+00,-1.712852e-01,-4.347391e-01,1.573843e-01,9.758699e-01,9.086210e-01,9.241302e-01,5.138798e-01,5.556172e-01,6.014775e-01,4.173744e-02,4.586029e-02,8.759773e-02,4.153707e-01,7.275977e-01,3.122270e-01,6.782790e-02,6.881577e-01,7.525010e+00,1.477113e+00,1.790000e+00,1.430000e+00,5.750769e-02,3.725024e-01,1.047925e-03,4.191700e-04,2.794467e-04,5.012227e-01,5.096422e-01,3.558663e-04,-2.046687e+00,1.489046e+00,-1.709043e-01,-4.306524e-01,1.603150e-01,1.375132e+00,9.085511e-01,9.093195e-01,6.200353e-01,6.725301e-01,7.288261e-01,5.249476e-02,5.629605e-02,1.087908e-01,4.967871e-01,8.673089e-01,3.705218e-01,8.245543e-02,7.459731e-01,9.671392e+00,1.485208e+00,1.590000e+00,1.430000e+00,4.112934e-02,3.891295e-01,6.986167e-04,4.191700e-04,2.095850e-04,4.950045e-01,5.037032e-01,5.359748e-04,-2.050190e+00,1.521940e+00,-2.477863e-01,-3.398370e-01,1.169796e-01,1.964341e+00,1.710214e-01,8.136091e-01,7.118919e-01,7.679830e-01,8.255913e-01,5.609101e-02,5.760831e-02,1.136993e-01,5.892941e-01,1.005196e+00,4.159021e-01,9.225216e-02,1.692359e+00,2.198885e+01,2.128209e+00,4.130000e+00,1.430000e+00,5.651705e-01,4.582926e-02,7.684784e-04,2.095850e-04,1.397233e-04,4.944456e-01,5.070570e-01,7.275460e-04,-1.984331e+00,1.375417e+00,-1.248869e-01,-3.725554e-01,1.074288e-01,1.564891e+00,1.710214e-01,7.380188e-01,7.835905e-01,8.480290e-01,9.184663e-01,6.443852e-02,7.043731e-02,1.348758e-01,6.316011e-01,1.146286e+00,5.146853e-01,1.086337e-01,9.508972e-01,8.197908e+00,1.553152e+00,2.080000e+00,1.430000e+00,1.386655e-01,2.206930e-01,1.606819e-03,3.493084e-04,6.986167e-05,4.975896e-01,5.092929e-01,8.427108e-04,-2.113598e+00,1.651609e+00,-3.375820e-01,-3.316671e-01,1.324024e-01,1.876303e+00,1.710214e-01,6.458712e-01,8.528569e-01,9.177663e-01,9.861336e-01,6.490934e-02,6.836736e-02,1.332767e-01,7.107378e-01,1.233470e+00,5.227318e-01,1.106000e-01,1.612561e+00,1.495467e+01,1.759012e+00,2.830000e+00,1.440000e+00,3.231657e-01,7.859439e-02,1.676680e-03,3.493084e-04,1.397233e-04,5.012925e-01,5.096422e-01,8.542552e-04,-2.092942e+00,1.581678e+00,-2.694021e-01,-3.416746e-01,1.233509e-01,2.059951e+00,1.710214e-01,5.296912e-01,9.126241e-01,9.834539e-01,1.058143e+00,7.082981e-02,7.468963e-02,1.455194e-01,7.483715e-01,1.333513e+00,5.851414e-01,1.225067e-01,1.599394e+00,1.412032e+01,1.567912e+00,1.990000e+00,1.430000e+00,1.312285e-01,1.583764e-01,2.934190e-03,3.493084e-04,6.986167e-05,4.976595e-01,5.121576e-01,1.136081e-03,-2.053577e+00,1.499342e+00,-1.881139e-01,-3.950927e-01,1.385678e-01,2.873060e+00,1.710214e-01,3.618835e-02,9.704494e-01,1.040338e+00,1.117458e+00,6.988817e-02,7.712042e-02,1.470086e-01,8.022854e-01,1.504350e+00,7.020642e-01,1.443170e-01,3.437021e+00,3.565069e+01,4.425937e+00,2.003000e+01,2.020000e+00,3.509364e+00,1.620791e-02,2.095850e-03,4.191700e-04,6.986167e-05,4.989171e-01,5.116685e-01,1.324363e-03,-2.130337e+00,1.659763e+00,-3.089560e-01,-3.680741e-01,1.488653e-01,3.844683e+00,1.710214e-01,1.318290e-01,1.023852e+00,1.096429e+00,1.176014e+00,7.257736e-02,7.958531e-02,1.521627e-01,8.552690e-01,1.695487e+00,8.402184e-01,1.633248e-01,4.490728e+00,5.314141e+01,4.884138e+00,1.636000e+01,1.700000e+00,3.471612e+00,1.243538e-02,1.257510e-03,2.095850e-04,6.986167e-05,5.028296e-01,5.118781e-01,1.526371e-03,-2.195678e+00,1.831512e+00,-5.080248e-01,-2.599236e-01,1.335224e-01,3.493546e+00,1.710214e-01,1.342741e-01,1.086406e+00,1.158303e+00,1.230179e+00,7.189775e-02,7.187521e-02,1.437730e-01,9.167573e-01,1.660582e+00,7.438247e-01,1.468133e-01,4.071834e+00,5.102160e+01,4.721666e+00,1.437000e+01,1.670000e+00,3.392197e+00,1.075870e-02,8.383401e-04,2.095850e-04,6.986167e-05,5.019214e-01,5.092230e-01,1.365357e-03,-2.133795e+00,1.673802e+00,-3.572420e-01,-3.143798e-01,1.327036e-01,3.048136e+00,1.710214e-01,1.342741e-01,1.139296e+00,1.216826e+00,1.300157e+00,7.752979e-02,8.333111e-02,1.608609e-01,9.596655e-01,1.610043e+00,6.503778e-01,1.397959e-01,2.335940e+00,2.798012e+01,4.046286e+00,1.185000e+01,1.540000e+00,2.490618e+00,1.432164e-02,7.684784e-04,2.095850e-04,6.986167e-05,5.019214e-01,5.069872e-01,1.477296e-03,-2.041284e+00,1.474092e+00,-1.896072e-01,-3.639969e-01,1.217507e-01,2.963182e+00,1.710214e-01,1.717899e-01,1.194741e+00,1.269928e+00,1.347173e+00,7.518721e-02,7.724559e-02,1.524328e-01,1.013529e+00,1.796587e+00,7.830577e-01,1.525900e-01,3.316181e+00,3.290376e+01,3.076957e+00,6.680000e+00,1.430000e+00,1.325834e+00,2.605840e-02,2.515020e-03,3.493084e-04,6.986167e-05,4.957731e-01,5.118781e-01,1.589881e-03,-2.069101e+00,1.541338e+00,-2.591926e-01,-3.409367e-01,1.288804e-01,2.669659e+00,4.531927e-01,9.305575e-02,1.245298e+00,1.320264e+00,1.402791e+00,7.496607e-02,8.252609e-02,1.574922e-01,1.062712e+00,1.914569e+00,8.518566e-01,1.617831e-01,3.205830e+00,2.782159e+01,1.647701e+00,2.590000e+00,1.430000e+00,2.282301e-01,1.246332e-01,5.938242e-03,7.684784e-04,4.191700e-04,4.979389e-01,5.096422e-01,1.613279e-03,-2.146085e+00,1.710474e+00,-3.987421e-01,-2.892593e-01,1.245913e-01,3.315001e+00,4.531927e-01,3.573425e-01,1.290061e+00,1.369865e+00,1.453282e+00,7.980466e-02,8.341718e-02,1.632218e-01,1.106685e+00,1.997439e+00,8.907540e-01,1.701461e-01,3.589288e+00,3.483861e+01,3.535250e+00,8.830000e+00,1.630000e+00,1.749728e+00,1.928182e-02,2.445159e-03,2.095850e-04,1.397233e-04,5.010130e-01,5.173980e-01,1.906445e-03,-2.109490e+00,1.628722e+00,-3.286519e-01,-3.109486e-01,1.214002e-01,3.163348e+00,4.531228e-01,9.095291e-01,1.338242e+00,1.412788e+00,1.493154e+00,7.454586e-02,8.036613e-02,1.549120e-01,1.150098e+00,2.022302e+00,8.722044e-01,1.663222e-01,3.941197e+00,3.838868e+01,2.480877e+00,6.830000e+00,1.450000e+00,1.018713e+00,3.674724e-02,4.051977e-03,4.191700e-04,1.397233e-04,5.012227e-01,5.153018e-01,1.811985e-03,-2.098280e+00,1.598953e+00,-2.979044e-01,-3.399828e-01,1.381616e-01,3.661588e+00,1.710912e-01,9.094593e-01,1.365268e+00,1.441542e+00,1.522282e+00,7.627392e-02,8.074069e-02,1.570146e-01,1.175742e+00,2.099600e+00,9.238585e-01,1.811536e-01,4.819794e+00,5.235090e+01,2.946042e+00,8.860000e+00,1.490000e+00,1.537449e+00,2.193657e-02,3.213637e-03,4.890317e-04,2.794467e-04,5.034584e-01,5.177473e-01,2.102276e-03,-2.095472e+00,1.604697e+00,-3.323263e-01,-2.922852e-01,1.164223e-01,4.273169e+00,1.710912e-01,9.095291e-01,1.375058e+00,1.450257e+00,1.528004e+00,7.519984e-02,7.774663e-02,1.529465e-01,1.182636e+00,2.181135e+00,9.984990e-01,1.927201e-01,5.400304e+00,6.224173e+01,3.721316e+00,1.133000e+01,1.660000e+00,2.195648e+00,1.620791e-02,1.886265e-03,2.794467e-04,1.397233e-04,5.060434e-01,5.113192e-01,1.926205e-03,-2.163324e+00,1.720301e+00,-3.871466e-01,-3.153539e-01,1.465880e-01,5.168350e+00,1.710214e-01,9.094593e-01,1.347433e+00,1.424066e+00,1.501349e+00,7.663369e-02,7.728291e-02,1.539166e-01,1.123585e+00,2.285816e+00,1.162231e+00,2.353655e-01,6.782176e+00,8.342960e+01,3.863784e+00,1.152000e+01,1.430000e+00,2.404601e+00,1.648735e-02,3.213637e-03,6.287551e-04,2.794467e-04,5.075805e-01,5.186557e-01,2.420620e-03,-2.229822e+00,1.858718e+00,-4.956651e-01,-2.747584e-01,1.429972e-01,6.591710e+00,1.710214e-01,9.096689e-01,1.281282e+00,1.347172e+00,1.415951e+00,6.588984e-02,6.877911e-02,1.346689e-01,1.062855e+00,2.188151e+00,1.125296e+00,2.379395e-01,8.697702e+00,1.342447e+02,6.528571e+00,1.784000e+01,1.700000e+00,4.765552e+00,8.173816e-03,1.117787e-03,3.493084e-04,1.397233e-04,5.066723e-01,5.167692e-01,2.326174e-03,-2.266942e+00,1.967900e+00,-6.352735e-01,-1.788225e-01,1.147227e-01,6.354547e+00,1.710912e-01,1.722090e-01,1.168990e+00,1.223020e+00,1.282545e+00,5.402946e-02,5.952561e-02,1.135551e-01,9.661647e-01,1.888708e+00,9.225434e-01,1.994120e-01,9.562722e+00,1.777182e+02,8.569375e+00,3.094000e+01,1.690000e+00,9.161938e+00,5.728657e-03,6.287551e-04,2.095850e-04,1.397233e-04,5.052050e-01,5.181666e-01,1.683737e-03,-2.185337e+00,1.702669e+00,-2.845924e-01,-4.169727e-01,1.856544e-01,5.892896e+00,1.710912e-01,9.094593e-01,1.013160e+00,1.062812e+00,1.114076e+00,4.965258e-02,5.126429e-02,1.009169e-01,8.386512e-01,1.723321e+00,8.846694e-01,1.842292e-01,1.017183e+01,1.928237e+02,9.140666e+00,3.124000e+01,1.690000e+00,9.502890e+00,5.449211e-03,9.082017e-04,2.095850e-04,1.397233e-04,5.100957e-01,5.170487e-01,1.369882e-03,-2.249244e+00,1.895346e+00,-5.217600e-01,-2.697051e-01,1.469151e-01,5.218609e+00,1.710912e-01,1.723488e-01,8.536984e-01,8.906927e-01,9.292715e-01,3.699428e-02,3.857881e-02,7.557309e-02,7.123256e-01,1.366279e+00,6.539535e-01,1.571052e-01,1.329766e+01,2.871977e+02,1.227727e+01,3.123000e+01,1.670000e+00,1.078602e+01,3.702669e-03,9.780634e-04,4.191700e-04,1.397233e-04,5.071613e-01,5.171185e-01,9.724124e-04,-2.239109e+00,1.855208e+00,-4.824419e-01,-2.670389e-01,1.349467e-01,3.431343e+00,1.710912e-01,1.724186e-01,7.007451e-01,7.302974e-01,7.606131e-01,2.955234e-02,3.031564e-02,5.986798e-02,5.967021e-01,1.107470e+00,5.107681e-01,1.138318e-01,1.089814e+01,1.973288e+02,9.793571e+00,3.095000e+01,1.670000e+00,8.730035e+00,6.008104e-03,1.327372e-03,2.794467e-04,2.095850e-04,5.055544e-01,5.108300e-01,5.250371e-04,-2.206052e+00,1.758314e+00,-3.712952e-01,-3.311718e-01,1.514692e-01,3.158538e+00,1.710912e-01,1.724186e-01,5.691257e-01,5.910060e-01,6.141165e-01,2.188039e-02,2.311051e-02,4.499090e-02,4.779697e-01,8.745843e-01,3.966146e-01,9.220640e-02,1.244023e+01,2.603332e+02,1.523444e+01,6.258000e+01,2.060000e+00,1.859839e+01,3.842392e-03,8.383401e-04,2.095850e-04,6.986167e-05,5.098861e-01,5.155115e-01,3.190135e-04,-2.251183e+00,1.873010e+00,-4.925509e-01,-2.662675e-01,1.382090e-01,1.862019e-01,9.084812e-01,4.643007e-01,2.457058e-03,3.014580e-03,3.680954e-03,5.575218e-04,6.663748e-04,1.223897e-03,1.418690e-03,6.706774e-03,5.288084e-03,3.772529e-03,3.784235e+01,1.669919e+03,4.358000e+01,6.575000e+01,2.517000e+01,1.677870e+01,6.287551e-04,4.191700e-04,4.191700e-04,2.095850e-04,5.014322e-01,5.035635e-01,3.541261e-06,-1.356035e+00,4.709392e-01,4.239033e-01,-6.462348e-01,2.131684e-01,1.100459e-01,1.709515e-01,4.847701e-01,7.224495e-04,8.427804e-04,9.882158e-04,1.203309e-04,1.454354e-04,2.657663e-04,5.101004e-04,7.603497e-03,7.093397e-03,3.027722e-03,1.990614e+01,4.971235e+02,1.350500e+01,6.575000e+01,2.610000e+00,1.911937e+01,2.515020e-03,9.780634e-04,2.794467e-04,1.397233e-04,4.963320e-01,5.033538e-01,2.700670e-06,-1.166198e+00,2.869107e-01,4.815964e-01,-5.852064e-01,2.020354e-01,1.033594e+03,6.713707e-01,5.588934e-04,5.742188e+01,1.004883e+02,1.579102e+02,4.306641e+01,5.742188e+01,1.004883e+02,4.306641e+01,3.445312e+02,3.014648e+02,7.474943e+01,1.638238e+00,9.040714e+00,2.672264e+00,6.800000e+00,1.440000e+00,1.142983e+00,2.228587e-02,6.287551e-04,1.397233e-04,1.397233e-04,3.487738e-01,4.407490e-01,1.977070e+03,-1.114853e+00,1.017422e-01,5.269166e-01,-5.071254e-01,3.652393e-02,4.206152e+03,6.713707e-01,5.099902e-03,2.009766e+02,2.871094e+02,3.875977e+02,8.613281e+01,1.004883e+02,1.866211e+02,7.177734e+01,6.029297e+02,5.311523e+02,1.375003e+02,4.019976e+00,9.464352e+01,3.269500e+01,5.285000e+01,1.563000e+01,1.339991e+01,8.383401e-04,2.095850e-04,1.397233e-04,1.397233e-04,4.477049e-01,4.788988e-01,6.388408e+03,-1.151664e+00,1.377904e-01,5.030060e-01,-4.809065e-01,1.709738e-02,5.799609e+03,6.713707e-01,8.443482e-01,5.024414e+02,5.885742e+02,6.603516e+02,8.613281e+01,7.177734e+01,1.579102e+02,2.727539e+02,9.474609e+02,6.747070e+02,1.753154e+02,8.350439e+00,1.700272e+02,1.868143e+01,3.488000e+01,3.030000e+00,1.164089e+01,3.073914e-03,6.986167e-04,1.397233e-04,6.986167e-05,4.572766e-01,4.725405e-01,9.072133e+03,-1.226346e+00,1.855007e-01,5.306815e-01,-5.372934e-01,5.833882e-02,7.723242e+03,1.043035e-01,2.465418e-01,8.182617e+02,9.043945e+02,9.905273e+02,8.613281e+01,8.613281e+01,1.722656e+02,6.316406e+02,1.564746e+03,9.331055e+02,2.667123e+02,1.190049e+01,2.292263e+02,1.089750e+01,3.295000e+01,1.680000e+00,1.069592e+01,4.331424e-03,1.257510e-03,6.287551e-04,1.397233e-04,4.688745e-01,4.731694e-01,1.563131e+04,-1.330410e+00,2.598468e-01,5.681133e-01,-6.026282e-01,1.140098e-01,4.733983e-01,9.084812e-01,0.000000e+00,5.608532e-02,6.264295e-02,7.136200e-02,6.557625e-03,8.719049e-03,1.527667e-02,4.413731e-02,1.293945e-01,8.525722e-02,1.986008e-02,7.241271e+00,1.037751e+02,6.758095e+00,3.364000e+01,1.710000e+00,9.142800e+00,8.103955e-03,1.886265e-03,3.493084e-04,2.794467e-04,4.968909e-01,5.051705e-01,8.265453e-05,-1.452521e+00,5.130621e-01,4.067495e-01,-6.518060e-01,1.949015e-01,3.739974e+03,6.713707e-01,6.634064e-01,3.973907e+02,4.597413e+02,5.261165e+02,6.235065e+01,6.637515e+01,1.287258e+02,2.663291e+02,7.796182e+02,5.132891e+02,1.287745e+02,6.358071e+00,1.111882e+02,1.452889e+01,3.488000e+01,1.680000e+00,1.041139e+01,3.562945e-03,6.986167e-04,1.397233e-04,6.986167e-05,4.999651e-01,5.087339e-01,4.366670e+03,-1.252197e+00,2.111430e-01,5.110735e-01,-5.036380e-01,4.210483e-02,3.955303e+00,1.712310e-01,6.414699e-01,3.653575e+00,3.955475e+00,4.222846e+00,3.018999e-01,2.673712e-01,5.692711e-01,2.895369e+00,4.719390e+00,1.824021e+00,4.121642e-01,-2.271392e-01,3.416911e+00,2.110588e+00,3.910000e+00,1.430000e+00,6.436886e-01,9.434819e-01,2.596060e-01,2.165712e-03,4.191700e-04,5.022706e-01,5.066378e-01,6.254005e-02,-1.101906e+00,4.457257e-02,4.820232e-01,-3.719032e-01,-5.125029e-02,1.179754e+07,1.043035e-01,6.994551e-01,5.661920e+05,6.608424e+05,7.719502e+05,9.465038e+04,1.111079e+05,2.057582e+05,3.678544e+05,1.457776e+06,1.089921e+06,3.829646e+05,1.410085e+01,2.916509e+02,1.452889e+01,3.488000e+01,1.690000e+00,1.225978e+01,3.632807e-03,1.257510e-03,3.493084e-04,2.095850e-04,5.004541e-01,5.047513e-01,2.808102e+10,-1.366781e+00,3.215869e-01,5.323670e-01,-6.076596e-01,1.475321e-01,1.776803e+01,6.423082e-01,6.713707e-01,1.135990e+01,1.215953e+01,1.301478e+01,7.996349e-01,8.552494e-01,1.654884e+00,7.534040e+00,1.568902e+01,8.154976e+00,1.511000e+00,-8.750219e-01,8.114093e+00,1.750366e+00,3.430000e+00,1.430000e+00,3.672955e-01,9.969959e-01,9.707280e-01,1.153416e-01,3.213637e-03,5.004541e-01,5.001397e-01,6.684208e-01,-1.185304e+00,1.411599e-01,4.860244e-01,-4.634298e-01,2.343823e-02,5.415477e+02,6.423082e-01,6.713707e-01,1.970201e+02,2.277503e+02,2.645400e+02,3.073015e+01,3.678976e+01,6.751991e+01,9.724907e+01,3.959262e+02,2.986771e+02,5.708071e+01,4.453570e-01,4.619545e+00,3.008723e+00,8.830000e+00,1.460000e+00,1.762037e+00,9.712868e-01,2.006427e-01,6.287551e-03,3.493084e-04,4.991267e-01,5.011179e-01,1.037839e+03,-1.134995e+00,8.074886e-02,5.026271e-01,-4.223257e-01,-1.877038e-02,5.433226e-02,9.348889e-01,1.709515e-01,-1.837681e-03,-1.481531e-03,-1.221438e-03,3.561494e-04,2.600937e-04,6.162431e-04,-4.173531e-03,-8.009408e-04,3.372591e-03,1.276787e-03,-2.327457e+01,8.030068e+02,2.701000e+01,6.575000e+01,4.310000e+00,2.328041e+01,9.996507e-01,9.995808e-01,9.988124e-01,9.951097e-01,5.004541e-01,4.960872e-01,4.111475e-07,-1.335100e+00,3.777169e-01,4.694630e-01,-6.094257e-01,1.560818e-01,2.547371e+00,6.713707e-01,6.414699e-01,3.721604e-01,4.304147e-01,4.912559e-01,5.825427e-02,6.084126e-02,1.190955e-01,2.473540e-01,6.747968e-01,4.274428e-01,1.037766e-01,3.568448e+00,5.252725e+01,1.188727e+01,3.125000e+01,1.690000e+00,9.825073e+00,4.471147e-03,7.684784e-04,2.095850e-04,6.986167e-05,4.972403e-01,5.089436e-01,3.107280e-03,-1.203253e+00,1.547868e-01,5.131794e-01,-4.654826e-01,7.401602e-03,1.223593e-01,1.709515e-01,8.135392e-01,1.652857e-03,1.953285e-03,2.299196e-03,3.004282e-04,3.459107e-04,6.463389e-04,1.116057e-03,6.126698e-03,5.010641e-03,2.427771e-03,2.997654e+01,1.187654e+03,3.376250e+01,6.575000e+01,4.310000e+00,2.236724e+01,8.383401e-04,3.493084e-04,2.794467e-04,6.986167e-05,4.981485e-01,4.997904e-01,1.222586e-06,-1.450460e+00,5.917481e-01,3.705499e-01,-6.504171e-01,2.317995e-01,3.254404e+01,6.538354e-01,6.713707e-01,2.552283e+01,2.649002e+01,2.737804e+01,9.671879e-01,8.880196e-01,1.855207e+00,1.934144e+01,2.951467e+01,1.017323e+01,1.975024e+00,-3.361898e+00,2.905815e+01,2.696981e+00,8.840000e+00,1.430000e+00,1.369215e+00,9.989521e-01,9.956686e-01,9.526338e-01,8.034092e-02,4.994760e-01,4.964366e-01,1.048575e+00,-1.228662e+00,2.083214e-01,4.507578e-01,-5.186112e-01,8.888660e-02,3.317437e+01,6.713008e-01,1.963113e-01,-2.286486e+00,-8.768600e-01,5.092018e-01,1.409626e+00,1.386062e+00,2.795688e+00,-6.554799e+00,4.399392e+00,1.095419e+01,2.270865e+00,-7.974576e-02,6.476397e+00,1.011643e+01,3.181000e+01,2.790000e+00,1.027195e+01,9.974151e-01,5.633646e-01,2.584882e-03,6.287551e-04,4.947949e-01,5.049609e-01,1.572472e+00,-1.119078e+00,2.084274e-01,4.926731e-01,-5.333631e-01,1.506210e-01,3.105574e+01,4.146290e-01,1.709515e-01,-3.645833e+00,-1.867936e+00,-6.898890e-02,1.777897e+00,1.798947e+00,3.576844e+00,-8.338334e+00,4.679165e+00,1.301750e+01,2.754744e+00,-5.534368e-02,3.791917e+00,2.073478e+00,4.480000e+00,1.430000e+00,6.106134e-01,9.991617e-01,9.041498e-01,5.854408e-02,1.816403e-03,4.997555e-01,4.967161e-01,2.526214e+00,-1.092854e+00,1.345651e-01,5.257306e-01,-5.299946e-01,1.020518e-01,2.692188e+01,1.042336e-01,9.084113e-01,-6.053272e+00,-3.968054e+00,-1.817893e+00,2.085218e+00,2.150161e+00,4.235379e+00,-1.151807e+01,3.787411e+00,1.530548e+01,3.214517e+00,1.277309e-02,3.268483e+00,2.401356e+00,6.210000e+00,1.440000e+00,8.931082e-01,9.789018e-01,4.802990e-01,1.886265e-02,9.780634e-04,5.028296e-01,4.995808e-01,3.900602e+00,-1.082955e+00,9.736951e-02,5.126477e-01,-5.211692e-01,6.642277e-02,3.674397e+01,4.146989e-01,4.195892e-01,-3.357543e+00,-8.934308e-01,1.721276e+00,2.464112e+00,2.614707e+00,5.078818e+00,-9.332036e+00,9.480471e+00,1.881251e+01,3.950140e+00,3.901585e-01,4.147783e+00,1.719518e+00,3.210000e+00,1.430000e+00,3.380843e-01,8.814448e-01,1.115691e-01,3.493084e-03,8.383401e-04,5.008733e-01,5.008385e-01,4.960916e+00,-1.064023e+00,1.720877e-01,5.025824e-01,-5.265085e-01,1.661253e-01,3.418490e+01,2.538075e-01,8.942294e-03,6.173396e-01,3.360472e+00,6.129689e+00,2.743132e+00,2.769217e+00,5.512350e+00,-6.771707e+00,1.316900e+01,1.994071e+01,4.155695e+00,-3.871446e-02,3.212534e+00,2.132537e+00,5.440000e+00,1.430000e+00,7.598338e-01,9.862372e-01,5.956407e-01,3.318429e-02,1.606819e-03,5.035282e-01,5.031442e-01,6.268340e+00,-1.083443e+00,1.358162e-01,5.025406e-01,-5.319107e-01,1.037349e-01,3.726246e+01,3.563644e-01,4.068045e-01,2.403769e-01,3.211517e+00,6.217221e+00,2.971140e+00,3.005704e+00,5.976844e+00,-7.316850e+00,1.384460e+01,2.116146e+01,4.458667e+00,2.244438e-02,3.126472e+00,2.444828e+00,5.700000e+00,1.430000e+00,1.003489e+00,9.754785e-01,4.472544e-01,1.467095e-02,4.890317e-04,4.996856e-01,5.025154e-01,7.260156e+00,-1.070870e+00,1.326771e-01,4.955474e-01,-5.248899e-01,1.112830e-01,3.924525e+01,1.830376e-01,1.305715e-01,2.316064e+00,5.537608e+00,8.717455e+00,3.221544e+00,3.179847e+00,6.401391e+00,-5.476427e+00,1.659384e+01,2.207027e+01,4.758919e+00,-6.650577e-03,3.064831e+00,2.816274e+00,7.150000e+00,1.460000e+00,1.200064e+00,9.758977e-01,4.610870e-01,1.599832e-02,4.890317e-04,5.015022e-01,4.983231e-01,8.378491e+00,-1.097837e+00,1.236738e-01,5.121694e-01,-5.391324e-01,7.911753e-02,3.915989e+01,1.545340e-01,4.733827e-01,5.478379e+00,8.591563e+00,1.180919e+01,3.113184e+00,3.217628e+00,6.330813e+00,-2.910723e+00,1.956154e+01,2.247227e+01,4.767497e+00,-7.564169e-02,3.092071e+00,2.278254e+00,5.020000e+00,1.430000e+00,6.968468e-01,9.853989e-01,5.764287e-01,2.983093e-02,4.890317e-04,5.009432e-01,5.001397e-01,8.485142e+00,-1.108254e+00,1.136551e-01,4.944325e-01,-5.192682e-01,5.811772e-02,4.022953e+01,7.461925e-01,8.042476e-01,-1.982743e+00,1.302098e+00,4.522523e+00,3.284841e+00,3.220425e+00,6.505266e+00,-9.772491e+00,1.247963e+01,2.225212e+01,4.797692e+00,2.168902e-02,3.055954e+00,2.529286e+00,8.540000e+00,1.430000e+00,1.213825e+00,9.847003e-01,5.165572e-01,2.025989e-02,9.082017e-04,4.996157e-01,4.965064e-01,7.765527e+00,-1.035270e+00,1.302652e-01,5.174599e-01,-5.002040e-01,1.286813e-01,3.657483e+01,6.713008e-01,1.464301e-01,1.582412e+00,4.803738e+00,7.998303e+00,3.221325e+00,3.194565e+00,6.415891e+00,-6.715424e+00,1.613281e+01,2.284824e+01,4.833818e+00,-3.308061e-02,3.133435e+00,1.955890e+00,3.050000e+00,1.430000e+00,4.625298e-01,9.811373e-01,5.910298e-01,4.918262e-02,2.654744e-03,5.003144e-01,4.991615e-01,8.579666e+00,-1.093012e+00,1.208952e-01,5.021318e-01,-5.166172e-01,8.693948e-02,3.801540e+01,1.439849e-01,9.384519e-01,-3.995101e-01,2.718547e+00,5.822795e+00,3.118057e+00,3.104248e+00,6.222305e+00,-8.381922e+00,1.294855e+01,2.133047e+01,4.631052e+00,-1.572871e-01,3.136154e+00,1.743902e+00,2.820000e+00,1.430000e+00,3.121904e-01,9.957384e-01,7.889479e-01,1.021378e-01,3.912254e-03,4.995459e-01,4.960173e-01,7.561448e+00,-1.076141e+00,1.536544e-01,5.097225e-01,-5.440148e-01,1.351499e-01,3.546535e+01,2.735783e-01,9.384519e-01,2.223859e+00,5.086771e+00,7.882494e+00,2.862912e+00,2.795723e+00,5.658635e+00,-5.438313e+00,1.480928e+01,2.024760e+01,4.253248e+00,-1.116277e-01,3.246319e+00,2.268413e+00,8.460000e+00,1.430000e+00,9.991617e-01,9.896605e-01,6.506916e-01,4.044991e-02,1.257510e-03,4.981485e-01,5.022359e-01,6.695763e+00,-1.106444e+00,1.402313e-01,4.957193e-01,-5.409607e-01,8.904944e-02,3.116214e+01,2.052536e-01,4.490708e-01,-6.193236e-01,1.918664e+00,4.500516e+00,2.537987e+00,2.581852e+00,5.119840e+00,-6.985386e+00,1.064961e+01,1.763499e+01,3.804267e+00,-2.697596e-02,2.999075e+00,2.499474e+00,6.610000e+00,1.430000e+00,1.102753e+00,9.845605e-01,5.596619e-01,2.773508e-02,8.383401e-04,5.008733e-01,4.948295e-01,5.210526e+00,-1.063678e+00,1.623722e-01,4.945454e-01,-5.428331e-01,1.513844e-01,6.612994e-02,1.708817e-01,1.206511e-01,-5.065497e-03,-3.423914e-05,4.961696e-03,5.031258e-03,4.995935e-03,1.002719e-02,-1.696635e-02,1.804698e-02,3.501333e-02,7.522070e-03,7.209510e-02,3.222786e+00,2.463965e+00,4.040000e+00,1.450000e+00,7.322661e-01,9.698896e-01,3.581109e-01,7.195753e-03,3.493084e-04,5.082792e-01,5.019564e-01,1.365421e-06,-2.456156e+00,2.779534e+00,-1.457949e+00,1.937833e-01,1.434839e-01,2.499838e-01,9.527735e-01,9.387313e-01,-8.781224e-03,-6.129443e-05,8.851741e-03,8.719930e-03,8.913035e-03,1.763296e-02,-3.630762e-02,3.541227e-02,7.171988e-02,1.503646e-02,-7.847355e-02,8.964074e+00,1.142333e+01,2.994000e+01,2.040000e+00,9.822085e+00,9.974850e-01,3.519631e-01,1.956127e-03,2.095850e-04,5.110040e-01,5.014673e-01,5.943349e-06,-2.518315e+00,3.007886e+00,-1.845769e+00,4.932344e-01,4.718017e-02,3.609263e-01,9.084113e-01,9.087607e-01,-1.320677e-02,8.478016e-05,1.330998e-02,1.329155e-02,1.322520e-02,2.651675e-02,-5.227229e-02,5.174617e-02,1.040185e-01,2.187193e-02,-9.697705e-02,6.732066e+00,1.246273e+01,4.603000e+01,2.050000e+00,1.327438e+01,9.986726e-01,7.065111e-01,2.305435e-03,2.794467e-04,5.053448e-01,4.988821e-01,1.198163e-05,-2.482792e+00,2.874653e+00,-1.625277e+00,3.221878e-01,1.056438e-01,3.901743e-01,9.084113e-01,9.087607e-01,-1.620683e-02,1.863241e-05,1.602173e-02,1.622546e-02,1.600310e-02,3.222856e-02,-5.556266e-02,5.603753e-02,1.116002e-01,2.445786e-02,-5.738151e-02,4.932697e+00,6.537000e+01,1.055700e+02,2.517000e+01,4.020000e+01,9.995808e-01,6.289647e-01,5.588934e-04,2.794467e-04,5.059037e-01,4.992314e-01,1.683711e-05,-2.469888e+00,2.928435e+00,-1.763599e+00,4.474776e-01,6.669290e-02,5.666416e-01,1.708817e-01,1.711611e-01,-1.986055e-02,-3.359735e-04,1.979099e-02,1.952457e-02,2.012696e-02,3.965154e-02,-6.685694e-02,7.011604e-02,1.369730e-01,3.009552e-02,-4.998328e-03,5.895957e+00,6.537000e+01,1.055700e+02,2.517000e+01,4.020000e+01,9.995808e-01,6.774486e-01,4.191700e-04,2.095850e-04,5.045763e-01,5.033538e-01,2.532303e-05,-2.462981e+00,2.890194e+00,-1.697117e+00,3.965222e-01,8.012810e-02,8.417603e-01,1.708817e-01,1.711611e-01,-2.081808e-02,-1.678586e-04,2.098496e-02,2.065022e-02,2.115282e-02,4.180304e-02,-7.791973e-02,7.760669e-02,1.555264e-01,3.349248e-02,-7.704684e-03,1.146353e+01,4.359666e+01,6.580000e+01,2.517000e+01,1.680073e+01,9.994411e-01,4.610172e-01,4.191700e-04,1.397233e-04,5.055544e-01,5.046814e-01,2.960835e-05,-2.502322e+00,2.990253e+00,-1.820380e+00,4.797090e-01,5.082794e-02,7.188165e-01,1.708817e-01,1.711611e-01,-2.539597e-02,-4.997760e-04,2.478273e-02,2.489620e-02,2.528251e-02,5.017870e-02,-9.267752e-02,9.571829e-02,1.883958e-01,3.986967e-02,3.509117e-02,5.775044e+00,3.268500e+01,1.055800e+02,5.040000e+00,4.214899e+01,9.990918e-01,5.517675e-01,7.684784e-04,1.397233e-04,5.107944e-01,4.994410e-01,4.069076e-05,-2.518658e+00,3.047430e+00,-1.899608e+00,5.323289e-01,3.944304e-02,8.549293e-01,1.708817e-01,1.711611e-01,-2.375768e-02,-8.292198e-05,2.419436e-02,2.367475e-02,2.427728e-02,4.795203e-02,-9.588204e-02,9.193127e-02,1.878133e-01,3.976156e-02,-5.687572e-02,9.739365e+00,3.268250e+01,1.055600e+02,5.060000e+00,4.213831e+01,9.993014e-01,6.421685e-01,9.780634e-04,1.397233e-04,5.105848e-01,4.997205e-01,3.779452e-05,-2.565768e+00,3.144966e+00,-2.012533e+00,6.054972e-01,1.121899e-02,8.294299e-01,1.708817e-01,1.711611e-01,-2.653465e-02,-1.945466e-04,2.614743e-02,2.634011e-02,2.634197e-02,5.268208e-02,-1.037442e-01,1.078793e-01,2.116235e-01,4.435288e-02,-9.451784e-02,8.270945e+00,1.452667e+01,6.513000e+01,2.610000e+00,1.978255e+01,9.988822e-01,7.394159e-01,2.235573e-03,1.397233e-04,5.096067e-01,4.979039e-01,5.036449e-05,-2.531641e+00,3.077593e+00,-1.945154e+00,5.710729e-01,2.158831e-02,1.356012e+00,1.708817e-01,1.711611e-01,-2.668135e-02,2.240479e-04,2.704373e-02,2.690540e-02,2.681969e-02,5.372509e-02,-1.276609e-01,1.178699e-01,2.455307e-01,5.128779e-02,-1.231529e-01,2.192444e+01,2.179000e+01,6.576000e+01,5.770000e+00,2.134174e+01,9.988822e-01,5.216571e-01,1.117787e-03,1.397233e-04,5.084189e-01,5.018166e-01,6.215444e-05,-2.597045e+00,3.244579e+00,-2.153407e+00,7.075246e-01,-2.433557e-02,1.773526e+00,1.708817e-01,1.711611e-01,-2.608936e-02,5.651593e-04,2.687750e-02,2.665452e-02,2.631234e-02,5.296686e-02,-1.629719e-01,1.412783e-01,3.042501e-01,5.654008e-02,-9.469439e-02,2.991818e+01,6.537000e+01,1.055700e+02,2.517000e+01,4.020000e+01,9.993014e-01,3.630013e-01,5.588934e-04,6.986167e-05,5.168728e-01,4.997904e-01,6.734650e-05,-2.711785e+00,3.568336e+00,-2.597469e+00,1.020645e+00,-1.268122e-01,1.569172e+00,1.708817e-01,1.711611e-01,-2.561833e-02,6.822526e-04,2.664145e-02,2.630058e-02,2.595919e-02,5.225977e-02,-1.331414e-01,1.183153e-01,2.514567e-01,5.121334e-02,-2.647357e-01,2.624409e+01,6.537000e+01,1.055800e+02,2.516000e+01,4.021000e+01,9.994411e-01,5.257789e-01,4.890317e-04,1.397233e-04,5.118424e-01,5.009782e-01,6.034319e-05,-2.623322e+00,3.312028e+00,-2.252271e+00,7.780686e-01,-4.487966e-02,1.365214e+00,1.708817e-01,1.711611e-01,-2.905613e-02,2.299965e-04,2.934507e-02,2.928612e-02,2.911507e-02,5.840119e-02,-1.195788e-01,1.170170e-01,2.365959e-01,4.979757e-02,-1.862629e-02,1.545849e+01,3.251500e+01,3.986000e+01,2.517000e+01,7.345000e+00,9.995109e-01,2.751851e-01,2.794467e-04,1.397233e-04,5.096067e-01,4.963667e-01,5.909371e-05,-2.575603e+00,3.176544e+00,-2.057874e+00,6.337286e-01,5.278581e-03,1.225293e+00,1.708817e-01,1.711611e-01,-2.656612e-02,-2.686501e-04,2.723085e-02,2.629747e-02,2.749950e-02,5.379697e-02,-1.469827e-01,1.248397e-01,2.718225e-01,5.199312e-02,-5.945528e-02,1.895657e+01,1.371400e+01,6.581000e+01,2.060000e+00,1.914188e+01,9.974850e-01,1.863211e-01,8.383401e-04,2.095850e-04,5.122616e-01,5.032840e-01,6.330054e-05,-2.634720e+00,3.344260e+00,-2.299924e+00,8.137684e-01,-6.035208e-02,1.181470e+00,4.530530e-01,4.533324e-01,-2.776759e-02,-2.083182e-04,2.822184e-02,2.755927e-02,2.843015e-02,5.598943e-02,-1.557448e-01,1.400120e-01,2.957568e-01,5.610559e-02,-2.131846e-01,1.821008e+01,1.142500e+01,3.370000e+01,2.070000e+00,9.116448e+00,9.979740e-01,6.504821e-01,2.375297e-03,4.191700e-04,5.126109e-01,5.040525e-01,6.750873e-05,-2.680101e+00,3.473556e+00,-2.464408e+00,9.266080e-01,-9.566422e-02,1.568890e+00,4.530530e-01,4.533324e-01,-2.925887e-02,3.780723e-04,2.999303e-02,2.963694e-02,2.961496e-02,5.925190e-02,-1.641807e-01,1.439509e-01,3.081316e-01,5.938609e-02,-1.304891e-01,2.268286e+01,2.701600e+01,5.429000e+01,3.540000e+00,1.974523e+01,9.988822e-01,4.334917e-01,1.047925e-03,1.397233e-04,5.173618e-01,4.995109e-01,7.167460e-05,-2.725221e+00,3.601856e+00,-2.635669e+00,1.046485e+00,-1.358065e-01,1.351959e+00,4.529831e-01,4.532625e-01,-2.721470e-02,4.900336e-04,2.791005e-02,2.770474e-02,2.742002e-02,5.512476e-02,-1.582767e-01,1.402009e-01,2.984776e-01,5.671613e-02,-1.153132e-02,2.409431e+01,1.227636e+01,4.160000e+01,2.970000e+00,1.132565e+01,9.978343e-01,3.735504e-01,1.886265e-03,3.493084e-04,5.153357e-01,5.020263e-01,6.766613e-05,-2.714755e+00,3.574570e+00,-2.610892e+00,1.034527e+00,-1.326133e-01,1.594913e+00,1.709515e-01,4.533324e-01,-2.628742e-02,4.951715e-04,2.768819e-02,2.678259e-02,2.719302e-02,5.397561e-02,-1.685660e-01,1.469193e-01,3.154852e-01,6.071445e-02,3.273305e-02,3.224560e+01,1.246727e+01,2.591000e+01,2.100000e+00,8.926977e+00,9.981138e-01,2.719016e-01,1.606819e-03,2.794467e-04,5.184098e-01,4.965763e-01,7.270070e-05,-2.753942e+00,3.664558e+00,-2.710707e+00,1.089710e+00,-1.483393e-01,1.631786e+00,1.708817e-01,4.533324e-01,-2.541783e-02,8.587539e-04,2.653444e-02,2.627658e-02,2.567569e-02,5.195227e-02,-1.781599e-01,1.564681e-01,3.346280e-01,6.195171e-02,1.997257e-01,3.473647e+01,9.142000e+00,3.071000e+01,1.690000e+00,8.798387e+00,9.965768e-01,3.171720e-02,9.082017e-04,2.095850e-04,5.143576e-01,4.998603e-01,7.410203e-05,-2.771416e+00,3.696154e+00,-2.749033e+00,1.113386e+00,-1.563206e-01,2.253522e+00,1.708817e-01,4.149085e-01,-2.508763e-02,1.041609e-03,2.680421e-02,2.612924e-02,2.576260e-02,5.189184e-02,-2.069153e-01,1.790678e-01,3.859830e-01,7.436890e-02,2.494984e-01,4.838493e+01,1.350900e+01,5.928000e+01,2.900000e+00,1.666450e+01,9.979740e-01,1.368590e-01,1.117787e-03,3.493084e-04,5.241389e-01,5.006987e-01,9.253088e-05,-2.864293e+00,3.947859e+00,-3.072691e+00,1.336326e+00,-2.308929e-01,2.701483e+00,1.708817e-01,1.711611e-01,-2.127855e-02,8.515238e-04,2.315973e-02,2.213007e-02,2.230820e-02,4.443827e-02,-2.034439e-01,1.701499e-01,3.735938e-01,7.448900e-02,4.851864e-01,7.362497e+01,1.228091e+01,5.063000e+01,1.690000e+00,1.374552e+01,9.975548e-01,8.942294e-03,4.890317e-04,1.397233e-04,5.205058e-01,4.999301e-01,9.397528e-05,-2.854260e+00,3.915518e+00,-3.026927e+00,1.303043e+00,-2.201531e-01,2.465266e+00,1.709515e-01,1.712310e-01,-1.814957e-02,6.299556e-04,1.956695e-02,1.877953e-02,1.893699e-02,3.771652e-02,-1.740784e-01,1.486493e-01,3.227277e-01,6.108192e-02,1.040427e+00,8.843023e+01,1.688625e+01,6.218000e+01,2.960000e+00,1.910431e+01,9.978343e-01,8.243677e-03,3.493084e-04,1.397233e-04,5.165234e-01,4.986725e-01,6.488698e-05,-2.821084e+00,3.800428e+00,-2.860034e+00,1.177427e+00,-1.769728e-01,2.413613e+00,1.708817e-01,1.712310e-01,-1.561265e-02,8.611113e-04,1.712970e-02,1.647376e-02,1.626859e-02,3.274236e-02,-1.617033e-01,1.293007e-01,2.910040e-01,5.698913e-02,1.003617e+00,1.017976e+02,1.688625e+01,3.674000e+01,3.000000e+00,1.194299e+01,9.984630e-01,7.824508e-03,3.493084e-04,1.397233e-04,5.177112e-01,4.974148e-01,5.296472e-05,-2.877729e+00,3.977615e+00,-3.106672e+00,1.355500e+00,-2.357140e-01,2.191249e+00,1.708817e-01,6.715803e-01,-1.234923e-02,4.056632e-04,1.319397e-02,1.275489e-02,1.278831e-02,2.554320e-02,-1.175679e-01,9.471839e-02,2.122863e-01,4.815980e-02,1.271967e+00,1.630288e+02,3.268750e+01,7.163000e+01,9.490000e+00,2.421514e+01,9.991617e-01,1.893251e-02,5.588934e-04,2.095850e-04,5.169426e-01,4.969257e-01,3.402047e-05,-2.925265e+00,4.096329e+00,-3.249545e+00,1.447456e+00,-2.631724e-01,1.300263e+00,1.709515e-01,6.715803e-01,-9.764016e-03,1.954705e-04,1.043474e-02,9.959486e-03,1.023926e-02,2.019875e-02,-8.569462e-02,7.224142e-02,1.579360e-01,3.460386e-02,9.402958e-01,1.010492e+02,2.251333e+01,7.163000e+01,2.960000e+00,2.385408e+01,9.981138e-01,1.264496e-02,1.047925e-03,2.095850e-04,5.140082e-01,4.991615e-01,1.777243e-05,-2.926894e+00,4.103428e+00,-3.272056e+00,1.475264e+00,-2.771157e-01,1.241844e+00,1.709515e-01,1.712310e-01,-7.394786e-03,2.289504e-04,7.975545e-03,7.623736e-03,7.746594e-03,1.537033e-02,-6.467581e-02,5.541858e-02,1.200944e-01,2.785045e-02,1.423043e+00,1.385864e+02,2.251333e+01,7.164000e+01,3.020000e+00,2.385451e+01,9.981138e-01,5.099902e-03,4.191700e-04,1.397233e-04,5.168029e-01,4.970654e-01,1.095141e-05,-2.950258e+00,4.160412e+00,-3.333547e+00,1.505493e+00,-2.823155e-01,1.044324e-01,9.083415e-01,1.710912e-01,-2.329316e-04,2.391671e-06,2.296190e-04,2.353233e-04,2.272274e-04,4.625507e-04,-9.985729e-04,9.667454e-04,1.965318e-03,1.403197e-03,9.286793e-02,9.387036e+02,6.536500e+01,1.055700e+02,2.516000e+01,4.020500e+01,9.995808e-01,2.846165e-01,4.191700e-04,2.095850e-04,5.189688e-01,5.037730e-01,2.232458e-07,-1.641594e+00,1.241585e+00,2.163625e-02,-5.524876e-01,3.794024e-01,6.096055e-02,1.708118e-01,1.710912e-01,-4.839448e-05,-4.836008e-07,4.713377e-05,4.791088e-05,4.761737e-05,9.552824e-05,-1.597327e-03,1.494846e-03,3.092172e-03,1.117373e-03,8.103073e-01,2.756010e+02,3.268250e+01,6.576000e+01,3.640000e+00,2.239608e+01,9.990918e-01,1.439151e-02,8.383401e-04,6.986167e-05,5.311954e-01,5.025852e-01,1.820197e-07,-1.509256e+00,1.012420e+00,1.999993e-01,-6.014381e-01,3.687291e-01,5.713477e+02,6.712310e-01,6.714405e-01,-1.435547e+01,0.000000e+00,1.435547e+01,1.435547e+01,1.435547e+01,2.871094e+01,-6.890625e+01,6.747070e+01,1.363770e+02,2.715738e+01,8.642657e-03,7.702150e+00,4.839500e+01,6.799000e+01,2.880000e+01,1.959500e+01,9.995808e-01,3.045270e-01,4.191700e-04,6.986167e-05,5.241389e-01,4.773616e-01,1.260405e+02,-1.397301e+00,8.345055e-01,3.166292e-01,-5.773702e-01,3.191624e-01,2.302617e+03,6.712310e-01,6.714405e-01,-3.014648e+01,0.000000e+00,3.014648e+01,3.014648e+01,3.014648e+01,6.029297e+01,-1.033594e+02,1.062305e+02,2.095898e+02,4.997844e+01,2.725570e-01,6.751447e+01,9.679000e+01,9.679000e+01,9.679000e+01,0.000000e+00,9.998603e-01,8.257650e-02,2.095850e-04,6.986167e-05,4.994061e-01,4.911962e-01,4.116904e+02,-1.409026e+00,8.496470e-01,3.007883e-01,-5.568702e-01,3.084758e-01,2.820850e+03,6.712310e-01,6.715104e-01,-2.871094e+01,0.000000e+00,2.871094e+01,2.871094e+01,2.871094e+01,5.742188e+01,-1.177148e+02,1.177148e+02,2.354297e+02,6.235543e+01,-1.088893e-01,1.005568e+02,3.194500e+01,7.154000e+01,9.630000e+00,2.415130e+01,9.994411e-01,2.450747e-01,4.890317e-04,6.986167e-05,4.774680e-01,4.886808e-01,5.662292e+02,-1.485928e+00,9.251059e-01,2.802190e-01,-6.016255e-01,3.375898e-01,3.695098e+03,1.041638e-01,1.044432e-01,-3.158203e+01,0.000000e+00,3.301758e+01,3.158203e+01,3.301758e+01,6.459961e+01,-1.605946e+02,1.605946e+02,3.211892e+02,8.887778e+01,3.482237e-01,1.200944e+02,3.193500e+01,7.160000e+01,9.570000e+00,2.419016e+01,9.990918e-01,6.420287e-02,6.986167e-04,2.095850e-04,5.014322e-01,4.940609e-01,9.685153e+02,-1.596472e+00,1.034446e+00,2.353684e-01,-6.484099e-01,3.659191e-01,2.212280e-01,1.708118e-01,1.710912e-01,-2.796313e-03,-2.411828e-05,2.714052e-03,2.772195e-03,2.738170e-03,5.510366e-03,-1.555902e-02,1.588162e-02,3.144065e-02,6.859292e-03,5.063682e-01,5.445175e+01,2.250500e+01,3.981000e+01,4.300000e+00,1.388999e+01,9.990918e-01,5.257789e-01,1.327372e-03,2.095850e-04,5.297981e-01,4.993712e-01,4.967530e-06,-1.703538e+00,1.295042e+00,-2.116698e-02,-5.497728e-01,3.723199e-01,1.828037e+03,6.712310e-01,6.715104e-01,-2.303412e+01,1.067810e-01,2.276530e+01,2.314090e+01,2.265852e+01,4.579942e+01,-8.913140e+01,9.188373e+01,1.810151e+02,4.424441e+01,3.269561e-01,6.386401e+01,3.226333e+01,7.154000e+01,9.590000e+00,2.788313e+01,9.993712e-01,1.942155e-02,2.794467e-04,6.986167e-05,5.068120e-01,5.018166e-01,2.789884e+02,-1.507208e+00,9.364935e-01,2.694483e-01,-5.932682e-01,3.223499e-01,1.324613e+00,6.712310e-01,1.043733e-01,-1.005267e-01,2.365577e-03,9.823277e-02,1.028922e-01,9.586719e-02,1.987594e-01,-3.396469e-01,3.390366e-01,6.786835e-01,1.470531e-01,-1.850534e-02,3.009787e+00,3.759210e+00,8.950000e+00,1.430000e+00,1.977813e+00,9.862372e-01,4.866564e-01,1.026967e-02,1.397233e-04,4.866205e-01,4.996507e-01,3.933622e-03,-1.343733e+00,7.279955e-01,3.453116e-01,-4.988525e-01,2.571069e-01,5.693140e+06,1.041638e-01,1.044432e-01,-3.786754e+04,3.912156e+02,3.724219e+04,3.825876e+04,3.685098e+04,7.510973e+04,-1.922740e+05,1.885950e+05,3.808689e+05,1.229116e+05,1.733971e+00,1.607620e+02,2.555600e+01,4.331000e+01,9.570000e+00,1.188638e+01,9.988822e-01,6.636859e-03,8.383401e-04,1.397233e-04,5.223224e-01,5.004891e-01,1.775717e+09,-1.634716e+00,1.087597e+00,1.789528e-01,-6.261988e-01,3.602167e-01,5.293901e+00,9.082017e-03,6.712310e-01,-3.018417e-01,-1.626015e-04,3.065943e-01,3.016791e-01,3.067569e-01,6.084360e-01,-1.296902e+00,1.261169e+00,2.558071e+00,5.033382e-01,-7.300714e-02,4.583760e+00,2.915416e+00,6.160000e+00,1.430000e+00,1.061765e+00,9.958083e-01,7.359229e-01,2.123795e-02,2.025989e-03,5.053448e-01,5.019564e-01,4.106212e-02,-1.446533e+00,8.588167e-01,2.919768e-01,-5.686638e-01,3.068278e-01,1.970564e+02,6.993852e-01,9.187509e-01,-1.212695e+01,-1.485451e-01,1.222722e+01,1.197840e+01,1.237576e+01,2.435417e+01,-4.987489e+01,4.874678e+01,9.862167e+01,1.962581e+01,-2.269764e-02,3.793316e+00,4.109412e+00,1.201000e+01,1.510000e+00,2.584627e+00,9.855387e-01,4.254576e-01,6.916306e-03,2.794467e-04,5.129603e-01,5.025154e-01,6.641908e+01,-1.384679e+00,7.788936e-01,3.315707e-01,-5.324271e-01,2.794481e-01,3.028831e-02,1.710912e-01,1.708118e-01,-1.038364e-04,1.099223e-06,1.052621e-04,1.049356e-04,1.041628e-04,2.090984e-04,-6.180797e-04,6.015525e-04,1.219632e-03,4.621402e-04,-6.898406e-01,4.857765e+02,6.536500e+01,1.055700e+02,2.516000e+01,4.020500e+01,9.996507e-01,9.162359e-01,3.493084e-04,2.095850e-04,4.741144e-01,5.006987e-01,2.585790e-08,-1.603183e+00,1.130577e+00,1.269055e-01,-5.893371e-01,3.696446e-01,1.225636e+00,6.712310e-01,6.715104e-01,-2.127033e-02,2.344087e-04,2.117353e-02,2.150474e-02,2.093912e-02,4.244386e-02,-7.733979e-02,7.769991e-02,1.550397e-01,3.609893e-02,1.569728e-01,2.991949e+01,3.226333e+01,7.154000e+01,9.590000e+00,2.788313e+01,9.993712e-01,5.274556e-02,2.794467e-04,6.986167e-05,5.051352e-01,5.002795e-01,2.005148e-04,-1.454148e+00,8.687862e-01,3.012657e-01,-5.700301e-01,3.031737e-01,6.768531e-02,1.708118e-01,1.710912e-01,-1.210713e-04,-1.375249e-06,1.183232e-04,1.196960e-04,1.196985e-04,2.393945e-04,-9.672925e-04,9.815979e-04,1.948890e-03,8.840692e-04,1.308118e+00,7.017468e+02,6.536500e+01,1.055700e+02,2.516000e+01,4.020500e+01,9.996507e-01,2.459131e-02,3.493084e-04,1.397233e-04,5.221128e-01,4.989519e-01,7.686891e-08,-1.734895e+00,1.390615e+00,-1.145494e-01,-4.949513e-01,3.609018e-01,1.180822e+01,8.877323e-01,6.712310e-01,-3.407487e-01,1.104355e-04,3.423829e-01,3.408591e-01,3.422724e-01,6.831316e-01,-1.644303e+00,1.604668e+00,3.248971e+00,6.204063e-01,-2.587468e-01,1.165757e+01,5.946818e+00,1.760000e+01,1.660000e+00,3.905984e+00,9.990918e-01,9.670253e-01,6.497136e-03,8.383401e-04,4.927688e-01,4.975545e-01,5.669611e-02,-1.535495e+00,9.853547e-01,2.225882e-01,-6.251859e-01,3.557341e-01,1.102570e+01,9.084113e-01,1.331563e-01,-5.206699e-01,-9.432224e-03,5.029649e-01,5.112377e-01,5.123971e-01,1.023635e+00,-1.944170e+00,2.098740e+00,4.042910e+00,8.164839e-01,1.019747e-01,5.126613e+00,1.011500e+01,3.099000e+01,2.560000e+00,8.740374e+00,9.950398e-01,2.566718e-01,1.467095e-03,1.397233e-04,4.964717e-01,5.025154e-01,1.070081e-01,-1.457352e+00,9.230077e-01,2.516494e-01,-5.880219e-01,3.425741e-01,9.113539e+00,2.313819e-01,1.961716e-01,-6.599394e-01,-9.835660e-03,6.633365e-01,6.501037e-01,6.731722e-01,1.323276e+00,-2.340301e+00,2.289709e+00,4.630010e+00,9.916124e-01,-6.419086e-04,3.212807e+00,3.216363e+00,1.127000e+01,1.520000e+00,1.892709e+00,9.942713e-01,6.336454e-01,2.570910e-02,9.780634e-04,5.018514e-01,5.004891e-01,1.675275e-01,-1.413044e+00,8.579820e-01,3.013161e-01,-5.912924e-01,3.321619e-01,9.312965e+00,1.040939e-01,8.303060e-01,-7.966393e-01,7.855296e-04,7.886449e-01,7.974248e-01,7.878594e-01,1.585284e+00,-2.765022e+00,2.773929e+00,5.538950e+00,1.174756e+00,-2.719423e-03,3.066266e+00,2.352951e+00,7.350000e+00,1.430000e+00,1.043912e+00,9.697499e-01,4.535420e-01,1.830376e-02,3.493084e-04,4.993363e-01,4.983231e-01,2.466541e-01,-1.377863e+00,8.259336e-01,3.117837e-01,-5.771897e-01,3.324375e-01,1.243708e+01,1.041638e-01,1.130362e-01,-9.393358e-01,-6.641066e-03,9.441853e-01,9.326947e-01,9.508264e-01,1.883521e+00,-3.373477e+00,3.273793e+00,6.647270e+00,1.418264e+00,-1.109657e-02,3.363334e+00,3.223409e+00,1.106000e+01,1.430000e+00,1.769607e+00,9.797401e-01,4.452285e-01,9.501188e-03,9.082017e-04,5.001048e-01,4.993712e-01,3.407501e-01,-1.424488e+00,8.804933e-01,2.762614e-01,-5.874229e-01,3.421028e-01,1.215239e+01,9.262261e-01,2.650552e-01,-1.000728e+00,-4.117012e-04,1.004393e+00,1.000316e+00,1.004805e+00,2.005121e+00,-3.582833e+00,3.670050e+00,7.252883e+00,1.521871e+00,3.569787e-02,3.100593e+00,2.272419e+00,6.510000e+00,1.430000e+00,8.488353e-01,9.823250e-01,5.435937e-01,3.199665e-02,1.257510e-03,5.005938e-01,4.998603e-01,4.035627e-01,-1.395226e+00,8.560213e-01,2.924164e-01,-5.803180e-01,3.401332e-01,1.327433e+01,2.814028e-01,3.324018e-01,-1.075928e+00,-3.489053e-03,1.086969e+00,1.072439e+00,1.090458e+00,2.162897e+00,-3.827423e+00,3.883538e+00,7.710962e+00,1.628093e+00,-2.541896e-03,3.111054e+00,2.348333e+00,5.020000e+00,1.430000e+00,7.526956e-01,9.731033e-01,4.552885e-01,1.634763e-02,2.794467e-04,5.003843e-01,5.005590e-01,4.767186e-01,-1.386019e+00,8.489650e-01,2.842033e-01,-5.747452e-01,3.443275e-01,1.320728e+01,9.140003e-01,6.155512e-01,-1.189072e+00,-2.735448e-03,1.199431e+00,1.186337e+00,1.202167e+00,2.388504e+00,-4.041300e+00,4.085203e+00,8.126503e+00,1.748015e+00,6.786482e-03,2.973799e+00,2.386833e+00,6.820000e+00,1.430000e+00,9.715493e-01,9.736621e-01,5.180942e-01,3.234595e-02,1.397233e-03,5.004541e-01,4.991615e-01,5.316539e-01,-1.389519e+00,8.529953e-01,2.991082e-01,-5.841928e-01,3.442603e-01,1.522412e+01,5.285735e-01,6.154814e-01,-1.147414e+00,-2.176833e-03,1.155920e+00,1.145238e+00,1.158097e+00,2.303335e+00,-4.046895e+00,4.001116e+00,8.048011e+00,1.728995e+00,-6.683690e-03,3.119284e+00,3.479512e+00,9.410000e+00,1.460000e+00,1.802458e+00,9.891016e-01,5.461786e-01,1.921196e-02,6.287551e-04,4.982883e-01,4.978340e-01,5.315419e-01,-1.387521e+00,8.354710e-01,2.970646e-01,-5.641388e-01,3.206129e-01,1.530821e+01,8.043873e-01,3.463742e-01,-1.172371e+00,-2.685547e-04,1.181398e+00,1.172103e+00,1.181666e+00,2.353769e+00,-4.011409e+00,4.055547e+00,8.066957e+00,1.743891e+00,1.386920e-02,3.049510e+00,1.904133e+00,4.960000e+00,1.450000e+00,5.173293e-01,9.413860e-01,2.669415e-01,3.004052e-03,6.986167e-05,5.019912e-01,4.991615e-01,5.315034e-01,-1.393699e+00,8.428482e-01,2.974667e-01,-5.678018e-01,3.221656e-01,1.511135e+01,4.383820e-01,9.926645e-01,-1.169461e+00,9.396901e-03,1.179985e+00,1.178858e+00,1.170588e+00,2.349446e+00,-4.202098e+00,4.202353e+00,8.404451e+00,1.771558e+00,-5.227211e-03,3.117727e+00,2.230781e+00,5.760000e+00,1.430000e+00,7.724438e-01,9.613665e-01,3.565041e-01,6.986167e-03,1.397233e-04,4.989869e-01,5.000000e-01,5.545650e-01,-1.394981e+00,8.436123e-01,2.913225e-01,-5.717860e-01,3.326867e-01,1.421914e+01,1.968702e-01,6.729077e-01,-1.156859e+00,-8.166743e-03,1.158388e+00,1.148692e+00,1.166555e+00,2.315247e+00,-3.908844e+00,3.967905e+00,7.876748e+00,1.704264e+00,1.887884e-02,3.023692e+00,2.441896e+00,5.620000e+00,1.430000e+00,9.032631e-01,9.638116e-01,3.772530e-01,7.964231e-03,2.794467e-04,4.982184e-01,5.023756e-01,5.010897e-01,-1.407964e+00,8.716730e-01,2.820589e-01,-5.841684e-01,3.412738e-01,1.250031e+01,9.846304e-01,1.144334e-01,-1.046924e+00,5.359625e-03,1.052416e+00,1.052283e+00,1.047057e+00,2.099340e+00,-3.605589e+00,3.671059e+00,7.276648e+00,1.559950e+00,-1.339016e-02,2.984204e+00,2.268095e+00,5.900000e+00,1.430000e+00,8.744410e-01,9.862372e-01,5.853011e-01,3.751572e-02,1.187649e-03,5.025501e-01,4.973449e-01,4.246849e-01,-1.403192e+00,8.668506e-01,2.818382e-01,-5.796823e-01,3.367678e-01,1.086371e+01,5.529552e-01,4.489311e-01,-9.305370e-01,1.048841e-02,9.285704e-01,9.410254e-01,9.180820e-01,1.859107e+00,-3.379664e+00,3.245569e+00,6.625232e+00,1.405514e+00,-1.905507e-02,3.081299e+00,2.145606e+00,5.840000e+00,1.430000e+00,8.655320e-01,9.666760e-01,4.690513e-01,2.165712e-02,6.986167e-04,4.996856e-01,5.025154e-01,3.454431e-01,-1.404515e+00,8.754004e-01,2.745457e-01,-5.865288e-01,3.509440e-01,6.054589e+01,9.967812e-01,6.054589e+01,6.088680e+01,2.493568e+02,4.633698e-01,3.207591e-01,-2.795625e-07,3.507975e-02,6.652880e-04,-9.221218e-11,5.221301e-07,3.391824e-02,6.650180e-04,4.991082e-01,5.817646e+01,5.994051e+01,6.147572e+01,1.764050e+00,1.535213e+00,3.299263e+00,5.344824e+01,7.547968e+01,2.203143e+01,6.434085e+00,2.021018e+01,6.884847e+02,6.900518e-04,5.750431e-04,3.450259e-04,3.450259e-04,4.976996e-01,5.048890e-01,2.061414e+01,-1.021323e+00,4.662607e-02,3.796256e-01,-3.523629e-01,-5.064526e-02,7.072728e-01,9.993572e-01,7.072728e-01,7.077236e-01,2.075605e-01,5.120817e-01,1.043325e-01,6.124421e-07,6.732313e-01,1.480097e-02,-2.660324e-11,9.900485e-07,6.723381e-01,1.480081e-02,5.001774e-01,6.896183e-01,7.088070e-01,7.259707e-01,1.918864e-02,1.716375e-02,3.635240e-02,6.470501e-01,7.574642e-01,1.104141e-01,2.525703e-02,-2.813256e-01,2.811560e+00,9.992251e-01,9.196900e-01,3.015851e-01,1.895033e-02,5.023954e-01,4.903121e-01,1.957720e-04,-1.265700e+00,2.827994e-01,2.315766e-01,-1.882680e-01,-6.022330e-02,1.187109e-01,6.330538e-01,1.187109e-01,1.523115e-01,5.725157e-01,3.058104e-02,1.432940e-01,-2.113709e-06,2.097583e-01,2.778099e-02,7.302848e-09,-1.882263e-05,2.161272e-01,2.777286e-02,4.978371e-01,4.836855e-02,9.644794e-02,1.684604e-01,4.807939e-02,7.201244e-02,1.200918e-01,1.649514e-03,4.462788e-01,4.446293e-01,9.542815e-02,1.333645e+00,5.467469e+00,3.263434e-01,5.373526e-02,1.354303e-02,5.242464e-03,3.426574e-01,4.232619e-01,6.326656e-03,-6.474420e-01,-1.067201e-01,-2.869589e-02,-5.904948e-02,-6.125184e-02,1.028072e-01,6.422774e-01,1.028072e-01,1.319034e-01,6.446536e-01,2.963780e-01,7.278740e-01,5.073026e-06,1.514149e-01,1.641135e-02,3.245359e-09,-5.227745e-06,1.568623e-01,1.640541e-02,5.082590e-01,3.718192e-02,8.505434e-02,1.538215e-01,4.787242e-02,6.876716e-02,1.166396e-01,1.976565e-03,3.513649e-01,3.493883e-01,8.263889e-02,1.477493e+00,7.564773e+00,2.292913e-01,1.511811e-02,3.779527e-03,1.889764e-03,2.763075e-01,3.501418e-01,3.383152e-03,-7.844437e-01,-5.324881e-02,-8.751368e-03,2.611095e-02,-1.045604e-01,1.732295e-01,7.391918e-01,1.732295e-01,2.130453e-01,9.762244e-01,9.344290e-01,1.085024e-01,-5.091352e-07,1.782907e-01,1.613737e-02,3.572925e-09,-2.181092e-05,1.994540e-01,1.604770e-02,4.984904e-01,8.193880e-02,1.483074e-01,2.364617e-01,6.636856e-02,8.815430e-02,1.545229e-01,6.536136e-03,5.693999e-01,5.628638e-01,1.240156e-01,1.346195e+00,5.724746e+00,2.339426e-01,2.247191e-02,1.844709e-03,1.677008e-04,3.200268e-01,3.616843e-01,4.780168e-03,-1.088237e+00,1.680609e-01,1.323148e-01,-9.164301e-02,-7.056807e-02,-3.731601e+01,3.416209e-01,3.398520e+00,5.904941e+01,1.085041e+02,8.876153e-02,2.166620e-03,-1.769435e-06,5.903682e-01,1.778385e-01,-2.999521e-11,-1.340293e-06,5.893450e-01,1.778383e-01,5.055968e-01,-1.000000e+02,-7.114293e-02,3.367057e+00,9.992886e+01,3.438200e+00,1.033671e+02,-1.000000e+02,6.379879e+00,1.063799e+02,4.576404e+01,-4.276830e-01,1.381636e+00,7.025440e-01,6.084708e-01,5.120912e-01,5.111127e-01,3.949815e-01,3.828464e-01,1.381720e+02,-1.732881e+00,7.741306e-01,5.446332e-01,-8.268535e-01,2.852448e-01,8.960273e-05,1.288911e-01,4.699379e-04,4.667337e-03,3.851250e-01,0.000000e+00,1.958992e-03,-1.857428e-07,1.129301e-01,1.466479e-04,1.264096e-10,-1.153535e-06,1.141648e-01,1.463428e-04,1.015889e-01,-5.282036e-05,-5.711073e-09,5.017886e-05,5.281464e-05,5.018457e-05,1.029992e-04,-2.242761e-03,2.627290e-03,4.870052e-03,4.666477e-03,5.570673e+01,3.888840e+03,3.917984e-04,1.305995e-04,1.305995e-04,1.305995e-04,5.112330e-01,5.026780e-01,1.699614e-05,-4.855134e-01,4.629942e-02,-2.336598e-03,-3.644750e-03,-3.078609e-02,-5.520185e-09,2.368326e-01,2.168560e-06,1.390489e-05,1.191564e-03,3.497482e-04,1.398993e-04,1.799361e-09,4.442120e-01,1.361759e-04,-6.470338e-13,1.104871e-08,4.441899e-01,1.361758e-04,1.334238e-01,-5.184171e-07,7.162532e-09,5.352366e-07,5.255797e-07,5.280740e-07,1.053654e-06,-1.507470e-05,1.517725e-05,3.025195e-05,1.390489e-05,9.466401e+00,9.816495e+02,9.996502e-01,1.818691e-03,1.398993e-04,1.398993e-04,4.855544e-01,4.993704e-01,4.950166e-11,-1.097376e+00,5.640655e-01,2.750586e-01,-2.521068e-01,1.826459e-01,4.630384e-07,9.631002e-02,7.582973e-06,6.457801e-05,2.709881e-03,6.858711e-04,5.486968e-03,-6.979674e-07,3.401949e-01,5.677806e-04,3.084220e-09,-5.191676e-06,3.412853e-01,5.675418e-04,8.848820e-02,-8.432150e-07,-3.079570e-13,8.693304e-07,8.432147e-07,8.693307e-07,1.712545e-06,-3.339445e-05,2.319417e-05,5.658862e-05,6.457635e-05,1.276528e+01,4.643055e+02,9.979424e-01,2.057613e-03,6.858711e-04,6.858711e-04,4.914207e-01,5.034341e-01,3.010035e-09,-3.938639e-01,-2.153621e-01,-2.626339e-03,1.049248e-01,9.390043e-02,6.058771e-07,8.716095e-02,5.410927e-06,4.309554e-05,1.802744e-03,4.627487e-04,4.627487e-03,-8.938713e-07,2.314312e-01,5.710502e-04,2.051038e-09,-5.324113e-06,2.330254e-01,5.705405e-04,1.116082e-01,-7.633172e-07,3.392802e-08,9.357205e-07,7.972453e-07,9.017925e-07,1.699038e-06,-3.018953e-05,2.078541e-05,5.097494e-05,4.309128e-05,2.059127e+01,6.355305e+02,6.478482e-03,1.388246e-03,9.254974e-04,4.627487e-04,5.097222e-01,5.002316e-01,1.376705e-09,-3.482772e-01,-3.379312e-01,3.083905e-01,2.603072e-02,-4.037778e-02,-1.356684e-06,1.459463e-01,8.374400e-06,6.398178e-05,2.807884e-03,1.199041e-03,3.357314e-03,6.684782e-07,6.253734e-01,5.183427e-04,-7.423401e-10,3.763294e-06,6.232235e-01,5.174169e-04,1.181411e-01,-1.864121e-06,-1.135708e-13,1.725291e-06,1.864120e-06,1.725291e-06,3.589412e-06,-7.109247e-05,4.656368e-05,1.176562e-04,6.396740e-05,-1.008048e+01,3.637259e+02,9.990408e-01,9.976019e-01,2.158273e-03,7.194245e-04,5.161909e-01,4.971209e-01,6.356028e-10,-1.520439e+00,9.883823e-01,1.555944e-01,-5.117223e-01,2.771350e-01,-7.569174e-05,1.027890e-01,2.892684e-03,1.462386e-02,7.761313e-01,2.791406e-03,2.453054e-03,4.950434e-08,5.214337e-01,3.549827e-04,-2.077580e-11,2.950950e-07,5.209498e-01,3.549359e-04,1.492360e-01,-5.139635e-04,3.517767e-06,5.484348e-04,5.174812e-04,5.449170e-04,1.062398e-03,-2.657742e-02,2.556259e-02,5.214002e-02,1.462367e-02,-1.841989e+00,2.435344e+02,9.993233e-01,9.833362e-01,8.458805e-04,1.691761e-04,4.693342e-01,5.072758e-01,1.643344e-05,-1.704747e+00,1.212476e+00,1.551305e-01,-7.120131e-01,4.764120e-01,6.077568e-01,1.161000e-01,7.700000e-01,2.000000e-02,1.326114e-01,3.322399e-01,9.946747e-01,3.349924e-01,1.841184e+00,1.490852e+00,9.964147e-01,8.672932e-01,5.980371e-01,2.657972e-01,1.800016e+00,1.440284e-01,1.667944e+00,2.426339e+00,1.483152e+00,2.798893e+00,-9.787897e-07,5.076655e-02,1.391417e-03,6.282747e-07,-9.089119e-05,5.291096e-02,1.390496e-03,4.999247e-01,9.969724e-01,9.965422e-01,1.001733e+00,1.879467e+00,1.644023e+00,2.348138e+00,8.228590e-01,1.543475e+00,5.465029e-01,1.548162e+00,9.410726e-02,1.633788e+00,2.426210e+00,6.232616e+00,5.298158e+00,-7.066884e-06,1.147709e-01,1.168268e-03,3.000543e-07,-5.000765e-05,1.157950e-01,1.168058e-03,4.997238e-01,6.243319e-03,9.841293e-01,6.370950e-03,8.177586e-01,6.185375e-01,2.704321e-02,8.759251e-01,9.985575e-03,3.742256e-03,1.599402e+00,1.265612e-01,4.443220e-02,6.361622e-02,3.416395e-02,4.623006e-02,1.033357e-05,8.349892e-02,1.688832e-03,4.344687e-07,-5.184326e-05,8.498184e-02,1.688392e-03,5.005745e-01,3.338672e-02,9.808521e-01,3.409282e-02,5.140433e-01,3.504815e-01,1.077098e-01,8.398821e-01,4.504424e-02,1.165752e-02,1.349167e+00,1.807466e-01,1.502247e-01,1.084113e-01,1.355637e-01,1.098950e-01,-5.977196e-05,1.585243e-01,2.891049e-03,4.327929e-07,-1.217090e-04,1.600015e-01,2.890613e-03,4.972268e-01,1.312958e-01,9.870065e-01,1.329937e-01,1.397263e-01,8.471688e-02,1.399336e-01,7.379798e-01,1.573994e-01,2.610357e-02,1.198815e+00,5.089622e-01,8.920963e-01,4.234149e-01,8.377720e-01,4.056965e-01,1.031480e-05,3.691349e-01,1.248005e-02,1.001226e-07,-4.013742e-06,3.694766e-01,1.248003e-02,5.001427e-01,2.759685e-01,9.885921e-01,2.794482e-01,2.373754e-01,1.517555e-01,5.306045e-01,8.087890e-01,3.444760e-01,6.850749e-02,1.248244e+00,1.949270e-01,1.578171e+00,1.013918e+00,1.480332e+00,9.983099e-01,-1.298292e-05,1.944211e-01,4.490159e-03,4.770641e-07,-8.125557e-05,1.960494e-01,4.489628e-03,4.995970e-01,4.246416e-01,9.901050e-01,4.290936e-01,2.018079e-01,1.244838e-01,6.440692e-01,7.697867e-01,5.162517e-01,9.161007e-02,1.215735e+00,2.683390e-01,2.387819e+00,1.471237e+00,2.223139e+00,1.414429e+00,-1.468793e-06,2.375661e-01,5.429451e-03,1.061450e-07,-1.665921e-05,2.379284e-01,5.429425e-03,4.999305e-01,5.593674e-01,9.928035e-01,5.634652e-01,1.900266e-01,1.162200e-01,7.651566e-01,7.840764e-01,6.607118e-01,1.013443e-01,1.181177e+00,2.692347e-01,2.799783e+00,1.448968e+00,2.629949e+00,1.494737e+00,5.910035e-06,2.308392e-01,4.831423e-03,-1.116890e-07,2.189385e-05,2.304580e-01,4.831394e-03,5.000880e-01,6.758435e-01,9.926980e-01,6.808550e-01,2.084525e-01,1.325929e-01,1.062631e+00,7.727485e-01,8.029904e-01,1.271469e-01,1.188131e+00,2.455164e-01,3.486590e+00,1.888132e+00,3.164170e+00,1.821484e+00,2.717031e-06,2.350493e-01,3.595514e-03,2.576649e-09,2.348287e-06,2.350581e-01,3.595514e-03,5.000310e-01,7.724633e-01,9.932959e-01,7.779498e-01,3.309954e-01,2.243607e-01,1.591776e+00,8.103362e-01,9.454932e-01,1.730298e-01,1.223997e+00,1.597316e-01,3.430475e+00,2.507894e+00,3.055642e+00,2.264519e+00,-2.368489e-06,1.734627e-01,2.204451e-03,1.992361e-07,-3.088117e-05,1.741428e-01,2.204358e-03,4.998932e-01,8.554448e-01,9.922534e-01,8.623160e-01,1.954172e-01,1.231601e-01,1.257278e+00,8.034286e-01,1.022504e+00,1.670596e-01,1.195290e+00,2.777078e-01,4.667106e+00,2.518865e+00,4.126482e+00,2.554312e+00,-7.947108e-06,2.034676e-01,4.819609e-03,2.854059e-07,-4.879155e-05,2.044417e-01,4.819419e-03,4.997917e-01,9.253944e-01,9.933478e-01,9.319811e-01,2.435264e-01,1.558305e-01,1.544686e+00,8.232601e-01,1.108502e+00,1.831073e-01,1.197870e+00,1.927492e-01,4.173071e+00,2.686505e+00,4.049986e+00,2.861097e+00,-8.613632e-06,1.736633e-01,3.474939e-03,2.484436e-07,-4.416839e-05,1.745113e-01,3.474795e-03,4.997568e-01,9.911073e-01,9.928929e-01,9.986497e-01,2.470761e-01,1.614306e-01,1.677539e+00,8.143587e-01,1.195469e+00,2.043619e-01,1.206196e+00,2.194940e-01,4.912127e+00,3.076502e+00,4.125857e+00,2.974240e+00,-1.542110e-05,1.996787e-01,3.536212e-03,2.500207e-07,-5.120156e-05,2.005321e-01,3.536067e-03,4.995828e-01,1.053155e+00,9.920882e-01,1.062997e+00,4.286186e-01,2.916052e-01,2.447886e+00,8.520133e-01,1.363230e+00,3.100748e-01,1.294425e+00,1.377658e-01,4.719081e+00,4.732852e+00,4.620957e+00,4.469023e+00,-1.495038e-05,1.359312e-01,2.522846e-03,2.258954e-07,-4.727827e-05,1.367022e-01,2.522727e-03,4.994786e-01,1.113370e+00,9.914581e-01,1.125287e+00,8.298245e-01,6.550616e-01,3.257890e+00,8.473753e-01,1.626121e+00,5.127511e-01,1.460540e+00,1.301221e-01,3.953779e+00,4.368140e+00,5.691391e+00,6.480894e+00,-1.228272e-05,1.151560e-01,1.804589e-03,2.520498e-07,-4.835357e-05,1.160163e-01,1.804441e-03,4.994592e-01,1.169209e+00,9.934364e-01,1.178391e+00,7.394764e-01,5.728397e-01,2.982614e+00,8.537496e-01,1.574188e+00,4.049783e-01,1.346369e+00,8.744347e-02,3.936260e+00,4.045488e+00,4.804615e+00,5.121417e+00,-8.948919e-06,1.155302e-01,1.766008e-03,1.494742e-07,-3.034017e-05,1.160404e-01,1.765956e-03,4.996461e-01,1.225997e+00,9.940826e-01,1.233942e+00,3.895055e-01,2.914821e-01,2.546664e+00,8.354822e-01,1.503734e+00,2.777373e-01,1.226540e+00,1.559760e-01,5.218724e+00,4.750023e+00,4.232772e+00,3.737319e+00,-6.298729e-06,1.429474e-01,2.103514e-03,7.948685e-08,-1.767409e-05,1.432187e-01,2.103499e-03,4.997783e-01,1.282129e+00,9.939344e-01,1.291178e+00,4.636482e-01,3.213805e-01,2.533844e+00,8.551090e-01,1.617597e+00,3.354683e-01,1.261649e+00,1.392274e-01,4.290957e+00,3.607181e+00,4.785253e+00,4.984862e+00,-9.218277e-06,1.588409e-01,2.651976e-03,2.637868e-07,-4.696881e-05,1.597413e-01,2.651814e-03,4.997109e-01,1.336303e+00,9.937528e-01,1.346062e+00,3.299769e-01,2.280836e-01,2.095263e+00,7.848430e-01,1.638024e+00,3.017209e-01,1.225788e+00,2.469060e-01,5.100311e+00,4.174755e+00,5.368057e+00,5.087956e+00,-6.476507e-06,2.001010e-01,3.672882e-03,2.935330e-07,-4.848402e-05,2.011028e-01,3.672681e-03,4.998108e-01,1.386269e+00,9.936833e-01,1.396673e+00,4.577492e-01,3.160255e-01,2.813531e+00,8.487270e-01,1.771222e+00,3.849528e-01,1.277690e+00,1.276689e-01,4.810310e+00,4.242634e+00,5.219101e+00,5.143541e+00,-7.766363e-06,1.345612e-01,2.634590e-03,1.507613e-07,-2.934181e-05,1.350758e-01,2.634537e-03,4.997436e-01,1.427841e+00,9.943706e-01,1.437496e+00,5.253506e-01,3.803446e-01,2.573500e+00,8.135367e-01,1.814531e+00,3.866901e-01,1.270822e+00,2.104788e-01,4.716310e+00,5.101745e+00,5.014802e+00,5.578688e+00,-7.680080e-06,1.737972e-01,2.764581e-03,2.442172e-07,-4.263000e-05,1.746307e-01,2.764442e-03,4.997621e-01,1.458808e+00,9.938921e-01,1.470011e+00,7.271282e-01,5.060711e-01,2.983868e+00,8.149109e-01,1.969594e+00,5.107861e-01,1.350139e+00,1.340680e-01,4.191739e+00,5.690497e+00,5.393309e+00,6.538669e+00,-4.625941e-06,1.512087e-01,2.447341e-03,1.696788e-07,-2.890867e-05,1.517878e-01,2.447274e-03,4.998266e-01,1.469090e+00,9.934155e-01,1.481678e+00,1.084308e+00,8.083361e-01,3.607277e+00,8.441692e-01,2.160125e+00,6.910347e-01,1.470383e+00,1.342619e-01,4.181962e+00,5.987997e+00,7.446775e+00,8.030382e+00,-9.403178e-06,1.309531e-01,2.034138e-03,3.527748e-07,-5.988879e-05,1.321572e-01,2.033848e-03,4.996389e-01,1.447532e+00,9.909649e-01,1.466545e+00,1.291009e+00,1.038845e+00,4.194637e+00,8.116009e-01,2.403327e+00,9.557943e-01,1.660292e+00,1.356213e-01,4.361519e+00,5.891190e+00,1.068394e+01,1.073222e+01,-5.365595e-06,1.409202e-01,2.074112e-03,3.786452e-07,-5.955352e-05,1.422126e-01,2.073778e-03,4.997366e-01,1.373082e+00,9.906316e-01,1.393549e+00,2.111045e+00,1.577100e+00,5.497258e+00,8.339654e-01,2.691693e+00,1.318611e+00,1.960329e+00,9.796499e-02,4.476993e+00,8.507442e+00,1.470519e+01,1.501788e+01,-5.657942e-06,1.035136e-01,1.303105e-03,3.540539e-07,-5.632660e-05,1.047220e-01,1.302813e-03,4.996411e-01,1.243845e+00,9.918370e-01,1.259730e+00,2.397288e+00,2.113611e+00,5.338849e+00,8.401621e-01,2.375952e+00,1.132107e+00,1.910167e+00,9.218110e-02,3.658743e+00,8.078698e+00,1.186576e+01,1.112627e+01,-4.675198e-06,8.722319e-02,9.848451e-04,4.139551e-07,-6.391631e-05,8.863609e-02,9.844457e-04,4.996802e-01,1.080036e+00,9.911775e-01,1.095638e+00,2.630566e+00,2.112956e+00,5.059834e+00,8.586328e-01,2.220430e+00,1.140394e+00,2.055885e+00,5.818835e-02,2.351532e+00,3.998167e+00,1.257595e+01,1.040234e+01,-6.620983e-06,8.215348e-02,9.774036e-04,3.751103e-07,-6.030302e-05,8.343380e-02,9.770757e-04,4.995342e-01,9.041066e-01,9.918502e-01,9.176570e-01,3.464359e+00,3.222935e+00,4.461370e+00,8.548964e-01,1.985723e+00,1.081617e+00,2.196337e+00,6.077468e-02,1.787291e+00,2.721453e+00,1.128940e+01,1.014296e+01,-3.593340e-06,8.135298e-02,9.064035e-04,2.925730e-07,-4.546346e-05,8.235158e-02,9.062040e-04,4.997177e-01,7.401122e-01,9.929152e-01,7.488158e-01,3.098222e+00,2.833003e+00,2.860479e+00,8.336325e-01,1.487182e+00,7.470695e-01,2.009400e+00,7.416838e-02,1.692537e+00,3.990531e+00,6.747021e+00,6.010427e+00,-2.683171e-06,1.000048e-01,1.100633e-03,3.565962e-07,-5.371566e-05,1.012219e-01,1.100337e-03,4.998167e-01,5.988703e-01,9.931740e-01,6.059281e-01,3.451500e+00,3.390692e+00,2.670781e+00,8.455753e-01,1.232590e+00,6.337200e-01,2.058192e+00,5.387834e-02,1.062823e+00,1.783123e+00,6.433500e+00,5.425982e+00,-2.192488e-06,8.006215e-02,8.523270e-04,2.841464e-07,-4.285667e-05,8.103199e-02,8.521389e-04,4.998272e-01,3.275409e-03,9.227927e-01,4.996177e-03,2.334800e+01,2.459721e+01,1.639377e-01,8.804300e-01,8.639842e-02,8.312301e-02,1.560619e+01,4.257018e-03,9.313884e-03,9.007660e-03,3.503252e-01,6.004826e-01,5.293242e-06,1.426753e-02,4.104803e-04,1.808733e-07,-2.059153e-05,1.488488e-02,4.104040e-04,5.035540e-01,1.127507e-03,7.858391e-01,3.231045e-03,5.472083e+00,7.126849e+00,9.790852e-02,8.897062e-01,3.659391e-02,3.546640e-02,1.646126e+01,2.756246e-03,7.422572e-02,1.086674e-01,8.679392e-02,1.378541e-01,-1.911853e-05,8.202735e-03,7.564612e-04,4.247548e-07,-7.990520e-05,9.652497e-03,7.560406e-04,4.777100e-01,1.220285e+02,8.458640e-01,1.431044e+02,2.807312e-01,2.020925e-01,9.187500e+02,8.888889e-01,2.784169e+02,1.563884e+02,2.281572e+00,1.666667e-01,3.037198e+03,2.629211e+03,3.392326e+03,2.864916e+03,-4.218292e-05,7.941408e-02,5.227535e-03,-6.972923e-07,5.760658e-05,7.703410e-02,5.226402e-03,4.957037e-01,2.991278e+02,8.985533e-01,3.292204e+02,1.634419e+00,1.232417e+00,3.746777e+03,8.907850e-01,7.225586e+02,4.234308e+02,2.415552e+00,3.412969e-02,3.436541e+03,5.724755e+03,2.881303e+03,4.618312e+03,-2.094365e-05,6.237644e-02,1.068036e-03,-4.201594e-07,3.918536e-05,6.094236e-02,1.067625e-03,4.964527e-01,5.884167e+02,9.689514e-01,6.139816e+02,3.989714e+00,2.825465e+00,4.938281e+03,8.514851e-01,1.787256e+03,1.198839e+03,3.037398e+00,1.831683e-01,6.117479e+03,1.838378e+04,1.284005e+04,3.383116e+04,-1.812135e-05,8.295269e-02,9.133305e-04,-1.575584e-07,4.426839e-06,8.241492e-02,9.132726e-04,4.978348e-01,9.273009e+02,9.797530e-01,9.648996e+02,3.574872e+00,3.296548e+00,6.704004e+03,8.680297e-01,2.860327e+03,1.933026e+03,3.084573e+00,3.624535e-01,1.378884e+04,3.212151e+04,1.914635e+04,4.698984e+04,-9.734124e-06,6.314198e-02,1.192565e-03,5.017412e-07,-8.153831e-05,6.485451e-02,1.191978e-03,4.989982e-01,6.611728e-02,9.731513e-01,6.903590e-02,1.016571e+00,7.713380e-01,4.020730e-01,8.493334e-01,1.419490e-01,7.583169e-02,2.146927e+00,1.477604e-01,7.363092e-01,1.246191e+00,6.238731e-01,1.132922e+00,-4.064254e-06,1.004773e-01,1.760124e-03,4.807965e-07,-7.287104e-05,1.021183e-01,1.759585e-03,4.996180e-01,4.687165e+02,9.728719e-01,4.860865e+02,2.115757e+00,1.630800e+00,3.329614e+03,8.902773e-01,1.060079e+03,5.913622e+02,2.261663e+00,2.635373e-01,4.054611e+03,6.652433e+03,4.839688e+03,1.197034e+04,-2.259577e-05,7.357738e-02,1.184830e-03,2.404052e-07,-5.700016e-05,7.439793e-02,1.184695e-03,4.978147e-01,3.923241e+00,9.943004e-01,3.944835e+00,1.071236e-01,6.622723e-02,3.056767e+00,7.728275e-01,4.353186e+00,4.299448e-01,1.109589e+00,6.534463e-01,2.408547e+01,1.209741e+01,2.100737e+01,1.184024e+01,-5.646651e-05,4.311560e-01,1.085482e-02,-6.872964e-07,4.189249e-05,4.288101e-01,1.085372e-02,4.992861e-01,7.016188e+05,9.497291e-01,7.993422e+05,4.751429e+00,3.709386e+00,1.031733e+07,8.745325e-01,4.116920e+06,3.415302e+06,5.867745e+00,5.681997e-02,1.306929e+07,2.257525e+07,1.187448e+07,2.999650e+07,-2.265125e-05,4.108103e-02,1.052989e-03,9.172342e-07,-1.539166e-04,4.421171e-02,1.051028e-03,4.954225e-01,1.215627e+01,9.906356e-01,1.224983e+01,1.442381e-01,9.100706e-02,8.644785e+00,4.865360e-01,1.405986e+01,1.903596e+00,1.156594e+00,7.299729e-01,7.266669e+01,4.255761e+01,6.904403e+01,4.493368e+01,9.263887e-06,6.590095e-01,7.232599e-03,-3.412438e-06,4.976179e-04,6.473623e-01,7.205456e-03,5.001265e-01,2.331399e+02,9.662938e-01,2.400267e+02,1.173563e-01,7.150269e-02,3.978699e+02,7.346904e-01,3.059339e+02,7.279396e+01,1.312233e+00,7.244886e-01,2.976992e+03,1.699868e+03,2.847192e+03,1.745931e+03,3.625367e-05,4.212089e-01,1.110882e-02,-3.635376e-06,5.565123e-04,4.088008e-01,1.107801e-02,5.009694e-01,-1.645202e-03,9.258904e-01,2.082565e-03,6.723000e+00,8.739452e+00,1.246762e-03,2.294698e-02,-8.060004e-04,8.392014e-04,4.899098e-01,8.771419e-01,3.587252e-02,8.115743e-02,7.654302e-02,1.637010e-01,-2.513038e-06,9.813305e-01,5.522893e-04,-3.731654e-07,5.089066e-05,9.800568e-01,5.519647e-04,5.009549e-01,4.356730e-01,9.759692e-01,4.478637e-01,5.837860e-01,4.103532e-01,2.238889e+00,8.789018e-01,6.703904e-01,2.347174e-01,1.538747e+00,2.688461e-01,3.717836e+00,4.065122e+00,3.335140e+00,5.062053e+00,-2.922234e-05,9.891105e-02,1.658392e-03,4.744615e-08,-3.601237e-05,9.907299e-02,1.658387e-03,4.979272e-01,2.172121e-03,9.186886e-01,3.257757e-03,9.656923e+00,8.873573e+00,1.067125e-01,8.721247e-01,3.594213e-02,3.377001e-02,1.335876e+01,7.181989e-03,4.141327e-02,1.044416e-01,5.073677e-02,4.081769e-02,-3.576340e-06,1.289618e-02,3.937099e-04,2.151593e-07,-3.436779e-05,1.363055e-02,3.936019e-04,4.975623e-01,2.627883e+01,9.960319e-01,2.635295e+01,3.063948e-01,2.274215e-01,9.035183e+00,2.776294e-01,2.855155e+01,2.272718e+00,1.086485e+00,8.293026e-01,8.857269e+01,6.836685e+01,6.335179e+01,6.424324e+01,1.220186e-06,8.371080e-01,3.683228e-03,-3.638914e-06,5.219852e-04,8.246877e-01,3.652362e-03,4.999840e-01,-8.971076e-01,6.496549e-01,2.441787e+00,1.564145e-01,9.841380e-02,1.732733e+01,5.223107e-01,2.187736e+00,3.084844e+00,-2.438655e+00,6.203670e-01,1.216001e+02,7.701959e+01,1.093802e+02,7.214240e+01,4.171859e-06,5.093519e-01,4.686330e-03,7.007383e-07,-9.611080e-05,5.117437e-01,4.685185e-03,5.025484e-01,-1.864920e+00,6.685363e-01,3.326655e+00,1.148835e-01,6.937173e-02,1.500124e+01,4.830424e-01,1.554860e+00,3.419781e+00,-8.337411e-01,7.748662e-01,1.560137e+02,8.187154e+01,1.526009e+02,8.338540e+01,7.709601e-05,6.071010e-01,7.858210e-03,1.906149e-06,-1.956930e-04,6.136070e-01,7.849741e-03,4.982965e-01,-3.963714e+00,7.218304e-01,5.103420e+00,9.147792e-02,5.299570e-02,2.114229e+01,7.853199e-01,-3.254553e-01,3.638258e+00,8.210868e-02,6.810440e-01,1.922734e+02,9.739434e+01,1.911663e+02,9.716712e+01,5.199895e-05,4.907791e-01,1.425317e-02,3.331575e-06,-4.247827e-04,5.021504e-01,1.422730e-02,4.950960e-01,-7.492843e-01,6.574740e-01,4.020295e+00,1.030043e-01,6.066325e-02,2.692939e+01,7.328928e-01,3.923808e+00,4.673092e+00,-5.236741e+00,6.077638e-01,2.238888e+02,1.176044e+02,2.214558e+02,1.160407e+02,2.241102e-05,3.712712e-01,1.155467e-02,1.223772e-07,4.897624e-06,3.716889e-01,1.155464e-02,4.951743e-01,3.354706e+00,6.768263e-01,5.340995e+00,8.991818e-02,5.260744e-02,2.336765e+01,6.835666e-01,7.922317e+00,4.567610e+00,2.361553e+00,6.933326e-01,2.535793e+02,1.303710e+02,2.458668e+02,1.256743e+02,-4.510533e-05,5.322536e-01,1.477666e-02,-6.404227e-06,8.714036e-04,5.103948e-01,1.468106e-02,4.963432e-01,3.232603e+00,6.690257e-01,5.507399e+00,9.267185e-02,5.449092e-02,2.868114e+01,7.697059e-01,8.318526e+00,5.085923e+00,2.573322e+00,6.816793e-01,2.715675e+02,1.397590e+02,2.655142e+02,1.374548e+02,1.391889e-05,4.841793e-01,1.431861e-02,1.828230e-06,-2.477191e-04,4.904194e-01,1.431082e-02,5.001899e-01,5.546216e+00,7.126341e-01,7.308236e+00,8.899751e-02,5.174910e-02,2.502687e+01,6.377046e-01,1.077336e+01,5.227143e+00,1.942470e+00,7.225075e-01,2.907154e+02,1.433065e+02,2.824095e+02,1.425949e+02,3.238427e-05,4.859872e-01,1.470406e-02,6.995269e-06,-9.687087e-04,5.098632e-01,1.459000e-02,5.004568e-01,8.588686e+00,8.080824e-01,9.823224e+00,9.017666e-02,5.315607e-02,2.672758e+01,6.825242e-01,1.381110e+01,5.222414e+00,1.608057e+00,7.223139e-01,2.868026e+02,1.388595e+02,2.754369e+02,1.389987e+02,-6.090542e-05,5.258746e-01,1.481613e-02,1.188862e-06,-2.310435e-04,5.299323e-01,1.481283e-02,4.967510e-01,1.285534e+00,6.667695e-01,4.967113e+00,9.182402e-02,5.394759e-02,2.492858e+01,6.196588e-01,6.582843e+00,5.297309e+00,5.120708e+00,6.367126e-01,2.874226e+02,1.394065e+02,2.773278e+02,1.402487e+02,1.282463e-05,5.038161e-01,1.422327e-02,-4.751681e-06,6.928377e-04,4.875978e-01,1.417064e-02,4.974569e-01,4.780114e+00,6.962005e-01,6.798285e+00,8.775321e-02,5.130249e-02,2.418941e+01,6.613677e-01,9.993940e+00,5.213827e+00,2.090733e+00,8.067102e-01,2.901859e+02,1.495049e+02,2.905006e+02,1.439390e+02,5.390684e-05,5.264884e-01,1.746299e-02,1.697422e-06,-1.890112e-04,5.322819e-01,1.745627e-02,5.015339e-01,2.638920e+00,6.742093e-01,5.328473e+00,9.050632e-02,5.257886e-02,2.141348e+01,5.632845e-01,7.828253e+00,5.189333e+00,2.966461e+00,7.654420e-01,2.805397e+02,1.418987e+02,2.768182e+02,1.381645e+02,1.006531e-04,5.888900e-01,1.481053e-02,2.736786e-06,-2.910084e-04,5.982311e-01,1.479307e-02,4.990255e-01,5.022803e+00,7.215638e-01,6.581721e+00,9.042352e-02,5.343528e-02,2.258484e+01,6.368141e-01,9.757607e+00,4.734805e+00,1.942662e+00,6.799625e-01,2.590274e+02,1.275283e+02,2.513053e+02,1.250367e+02,6.129529e-05,5.396385e-01,1.437634e-02,1.189747e-06,-1.089693e-04,5.436993e-01,1.437304e-02,5.046896e-01,1.927989e+00,6.672939e-01,4.264948e+00,9.004407e-02,5.339433e-02,2.052432e+01,6.586302e-01,6.192694e+00,4.264705e+00,3.211996e+00,6.875872e-01,2.367787e+02,1.199477e+02,2.281533e+02,1.178439e+02,-9.006663e-05,5.241128e-01,1.488983e-02,1.591973e-06,-3.178938e-04,5.295464e-01,1.488392e-02,4.998507e-01,5.028515e-01,6.351255e-03,1.398453e-02,1.912329e+00,1.967107e+00,2.774161e-01,5.164140e-01,7.480709e-02,7.480796e-02,-2.000000e+01,3.993335e-01,4.546497e-01,9.101422e-01,4.001748e+00,2.465435e+00,4.797870e-01,1.315054e-02,3.076738e-02,2.013714e+00,1.944678e+00,6.066794e-01,5.175729e-01,1.475605e-01,1.475576e-01,2.000000e+01,3.903731e-01,5.758965e-01,1.046337e+00,7.055892e+00,4.586063e+00,6.174971e-01,2.916633e-04,4.333044e-04,1.335619e+00,1.014992e+00,7.379122e-03,4.782511e-01,1.384617e-03,1.384738e-03,-2.000000e+01,4.419441e-01,1.344760e-02,2.241240e-02,5.424098e-02,6.382313e-02,6.440552e-01,1.303512e-03,1.750813e-03,3.144371e-01,2.139948e-01,1.913580e-02,4.755792e-01,3.088085e-03,3.088151e-03,-2.000000e+01,4.621165e-01,6.664919e-02,4.412773e-02,7.738855e-02,6.212453e-02,6.604223e-01,5.988997e-03,7.522841e-03,1.098693e-01,6.166266e-02,4.147696e-02,6.272040e-01,9.875813e-03,9.876515e-03,-2.000000e+01,4.828372e-01,4.071657e-01,1.973135e-01,4.256269e-01,2.119151e-01,6.324757e-01,1.115092e-02,1.503648e-02,1.691953e-01,1.043196e-01,1.257420e-01,5.030006e-01,2.305162e-02,2.305202e-02,-2.000000e+01,4.984897e-01,7.402493e-01,4.296322e-01,8.363026e-01,6.323991e-01,6.365617e-01,1.641140e-02,2.187195e-02,1.640643e-01,1.016888e-01,1.629639e-01,4.515157e-01,3.334897e-02,3.333994e-02,2.000000e+01,5.151740e-01,1.096607e+00,6.232941e-01,1.206863e+00,8.014786e-01,6.614416e-01,1.921743e-02,2.445678e-02,1.453408e-01,8.823621e-02,1.840709e-01,4.717657e-01,3.685720e-02,3.685285e-02,2.000000e+01,5.207857e-01,1.301508e+00,6.840165e-01,1.421360e+00,7.926626e-01,6.567717e-01,2.376775e-02,3.008808e-02,1.700000e-01,1.093297e-01,2.627017e-01,4.636119e-01,4.933067e-02,4.933624e-02,-2.000000e+01,5.029774e-01,1.647529e+00,9.487225e-01,1.725706e+00,1.115409e+00,6.462290e-01,2.549323e-02,3.346885e-02,2.827921e-01,2.189954e-01,4.066713e-01,4.831201e-01,6.248451e-02,6.248979e-02,-2.000000e+01,4.655597e-01,1.656903e+00,1.184859e+00,2.015496e+00,1.740737e+00,6.461722e-01,3.104013e-02,3.987463e-02,1.631886e-01,1.054781e-01,3.416884e-01,4.753486e-01,6.354692e-02,6.355052e-02,-2.000000e+01,4.995691e-01,2.113257e+00,1.165533e+00,2.318427e+00,1.530238e+00,6.398377e-01,2.980574e-02,3.976446e-02,2.255766e-01,1.475332e-01,3.885913e-01,4.545304e-01,6.873555e-02,6.872899e-02,2.000000e+01,4.905845e-01,1.850138e+00,1.213192e+00,2.359267e+00,1.964458e+00,6.365884e-01,3.324174e-02,4.435157e-02,1.815649e-01,1.169892e-01,3.689144e-01,4.447807e-01,7.184794e-02,7.184263e-02,2.000000e+01,5.309590e-01,2.224083e+00,1.388598e+00,2.629480e+00,2.035599e+00,6.141507e-01,3.469786e-02,5.128642e-02,5.153068e-01,3.944293e-01,6.244591e-01,4.605116e-01,1.139493e-01,1.139449e-01,2.000000e+01,4.771974e-01,1.884715e+00,2.021496e+00,4.013310e+00,4.833381e+00,5.978058e-01,3.571902e-02,5.654610e-02,1.112677e+00,9.460644e-01,8.263410e-01,4.659311e-01,1.753614e-01,1.753596e-01,2.000000e+01,4.557442e-01,1.393215e+00,2.154316e+00,7.381664e+00,7.291760e+00,6.083942e-01,3.381881e-02,5.121602e-02,8.693252e-01,6.014689e-01,7.332912e-01,4.673111e-01,1.352349e-01,1.352341e-01,2.000000e+01,4.741131e-01,1.432358e+00,1.545219e+00,4.870595e+00,5.664043e+00,6.412562e-01,3.633856e-02,4.980109e-02,3.924033e-01,2.940750e-01,6.623519e-01,4.851634e-01,1.006076e-01,1.006064e-01,2.000000e+01,4.462001e-01,1.989203e+00,1.642928e+00,3.244608e+00,3.369842e+00,6.164871e-01,3.544434e-02,5.199793e-02,3.949030e-01,2.846654e-01,6.132573e-01,5.004986e-01,1.046859e-01,1.046829e-01,2.000000e+01,4.403782e-01,2.146540e+00,1.748046e+00,3.414870e+00,4.186293e+00,6.121781e-01,3.768007e-02,5.610389e-02,3.160177e-01,2.319300e-01,6.007152e-01,5.084473e-01,1.032882e-01,1.032719e-01,2.000000e+01,4.869352e-01,2.252315e+00,1.863030e+00,3.674071e+00,4.102682e+00,6.031813e-01,3.890002e-02,5.939321e-02,5.626482e-01,4.220636e-01,7.327035e-01,4.670202e-01,1.352453e-01,1.352357e-01,2.000000e+01,4.616320e-01,1.839643e+00,1.837125e+00,4.952206e+00,5.688217e+00,6.040330e-01,3.658606e-02,5.672378e-02,4.543590e-01,3.314950e-01,6.495968e-01,4.804856e-01,1.173199e-01,1.173121e-01,2.000000e+01,4.530609e-01,2.034858e+00,1.973765e+00,4.211646e+00,5.140220e+00,5.841132e-01,3.707191e-02,6.072081e-02,7.620000e-01,6.303171e-01,7.707367e-01,4.832468e-01,1.547748e-01,1.547653e-01,2.000000e+01,4.559357e-01,1.690648e+00,2.012485e+00,6.161761e+00,6.929663e+00,5.782341e-01,3.641389e-02,6.195942e-02,8.680745e-01,7.066806e-01,1.168199e+00,7.159017e-01,1.685598e-01,1.685615e-01,-2.000000e+01,4.141322e-01,1.694710e+00,2.347057e+00,6.927143e+00,7.457152e+00,5.472265e-01,3.879220e-02,7.437924e-02,1.554505e+00,1.407389e+00,1.302104e+00,5.778086e-01,2.804556e-01,2.804541e-01,2.000000e+01,4.520463e-01,1.915615e+00,3.144018e+00,1.321399e+01,1.111755e+01,5.221346e-01,3.482918e-02,7.449937e-02,2.210000e+00,1.822679e+00,1.413051e+00,5.230652e-01,3.488811e-01,3.488813e-01,-2.000000e+01,3.799409e-01,1.446405e+00,2.826957e+00,1.660291e+01,1.282159e+01,5.340139e-01,2.955158e-02,6.108984e-02,2.576909e+00,2.405164e+00,1.340448e+00,5.437337e-01,3.005231e-01,3.005265e-01,-2.000000e+01,3.935001e-01,1.669324e+00,4.296619e+00,1.367086e+01,9.934811e+00,5.232835e-01,2.592416e-02,5.699347e-02,2.876250e+00,2.659400e+00,1.251693e+00,5.185971e-01,3.027868e-01,3.027832e-01,2.000000e+01,3.938967e-01,9.400545e-01,2.156475e+00,1.380174e+01,9.375260e+00,5.188195e-01,2.020332e-02,4.816560e-02,3.983428e+00,3.493938e+00,1.062861e+00,4.850481e-01,2.892110e-01,2.892063e-01,2.000000e+01,4.193511e-01,6.167081e-01,1.316520e+00,1.291706e+01,1.070706e+01,5.298278e-01,1.571882e-02,3.460509e-02,3.034783e+00,3.109180e+00,6.536960e-01,5.027413e-01,1.854169e-01,1.854122e-01,2.000000e+01,4.082317e-01,4.993644e-01,8.900951e-01,8.524369e+00,6.958997e+00,5.188082e-01,1.193217e-02,2.785383e-02,3.718108e+00,2.843385e+00,6.586739e-01,5.303998e-01,1.653587e-01,1.653563e-01,2.000000e+01,3.703172e-01,3.717273e-01,7.130148e-01,7.671902e+00,6.462861e+00,5.432250e-01,3.431888e-04,1.403369e-03,2.334800e+01,2.500597e+01,4.688317e-02,4.489331e-01,2.372500e-02,2.372513e-02,-2.000000e+01,4.477788e-01,1.031115e-02,1.334006e-02,1.191886e+00,9.172450e-01,2.310375e-01,1.838684e-04,1.117526e-03,5.434800e+00,8.787633e+00,2.847898e-02,4.671706e-01,1.011115e-02,1.011116e-02,-2.000000e+01,4.450150e-01,2.013288e-02,2.762956e-02,6.218485e-01,4.258452e-01,7.017399e-01,2.084538e+01,2.715835e+01,2.037787e-01,1.541722e-01,2.828027e+02,4.949749e-01,4.967981e+01,4.967710e+01,2.000000e+01,2.763819e-01,1.438869e+03,1.098269e+03,2.389685e+03,1.414004e+03,6.970689e-01,3.694131e+01,4.998054e+01,3.551282e+00,2.581354e+00,1.109678e+03,4.819202e-01,1.807354e+02,1.807288e+02,2.000000e+01,4.307980e-01,9.486041e+02,1.920329e+03,7.691539e+03,1.289174e+04,6.517098e-01,3.818141e+01,6.236072e+01,4.035454e+00,3.447345e+00,1.312090e+03,4.651400e-01,3.377757e+02,3.377649e+02,2.000000e+01,4.473282e-01,1.380412e+03,4.223907e+03,1.840570e+04,1.794042e+04,6.125603e-01,4.553789e+01,8.888823e+01,3.319524e+00,3.094837e+00,1.741318e+03,4.712510e-01,5.067480e+02,5.067378e+02,2.000000e+01,4.502720e-01,3.742891e+03,1.110653e+04,2.797272e+04,2.063792e+04,5.784819e-01,4.023335e-03,6.859423e-03,1.185763e+00,1.067527e+00,1.016223e-01,4.593557e-01,2.342505e-02,2.342197e-02,2.000000e+01,4.634010e-01,2.142478e-01,3.763060e-01,1.100613e+00,1.121323e+00,6.317176e-01,2.908194e+01,4.424799e+01,2.792800e+00,2.559039e+00,9.116003e+02,4.986772e-01,1.937095e+02,1.937030e+02,2.000000e+01,4.161705e-01,1.389833e+03,4.248530e+03,9.648693e+03,9.124361e+03,6.662040e-01,1.162886e-01,1.470668e-01,9.585790e-02,5.530949e-02,7.625734e-01,5.756953e-01,1.942817e-01,1.942649e-01,2.000000e+01,5.372376e-01,9.949344e+00,4.633044e+00,9.149122e+00,4.558573e+00,5.557676e-01,5.471009e+04,1.229269e+05,4.856071e+00,4.679041e+00,2.876784e+06,5.053070e-01,9.205221e+05,9.205041e+05,2.000000e+01,4.056688e-01,3.294929e+06,1.011690e+07,4.649625e+07,3.383812e+07,6.389666e-01,3.830609e-01,5.033779e-01,1.041837e-01,5.909985e-02,2.663443e+00,5.031154e-01,6.644527e-01,6.646754e-01,-2.000000e+01,6.016049e-01,3.037840e+01,1.820498e+01,3.191302e+01,1.771925e+01,6.404777e-01,1.526760e+01,1.962746e+01,1.018091e-01,5.683556e-02,1.148029e+02,5.825894e-01,2.605774e+01,2.606712e+01,-2.000000e+01,5.365137e-01,1.170057e+03,6.297165e+02,1.310774e+03,7.390262e+02,5.228341e-01,1.637282e-04,4.621983e-04,6.912105e+00,6.881581e+00,1.338144e-02,4.418023e-01,3.747886e-03,3.747833e-03,2.000000e+01,4.647225e-01,2.318309e-01,2.112897e-01,1.108872e-02,2.835530e-02,6.475822e-01,2.591639e-02,3.610118e-02,8.098850e-01,6.482154e-01,6.173286e-01,5.036803e-01,9.089380e-02,9.088870e-02,2.000000e+01,4.169113e-01,1.553113e+00,1.671798e+00,3.139699e+00,4.293239e+00,4.633825e-01,2.183888e-04,8.841904e-04,1.218000e+01,1.306812e+01,3.106548e-02,4.589693e-01,1.083844e-02,1.083841e-02,2.000000e+01,4.336246e-01,7.245041e-03,9.059880e-03,5.901833e-01,5.192637e-01,6.272420e-01,4.410434e-01,6.204152e-01,1.874016e-01,1.339831e-01,4.613326e+00,3.906878e-01,1.002410e+00,1.002732e+00,-2.000000e+01,5.656915e-01,4.142168e+01,3.617215e+01,3.301359e+01,2.597277e+01,6.504596e-01,6.331686e-01,8.165486e-01,1.126814e-01,6.803551e-02,6.083690e+00,5.517738e-01,1.152575e+00,1.152654e+00,-2.000000e+01,4.851613e-01,5.426168e+01,3.321159e+01,5.159183e+01,2.826046e+01,6.629019e-01,7.937327e-01,9.915261e-01,9.308594e-02,5.285111e-02,4.589101e+00,5.035477e-01,1.305721e+00,1.305611e+00,2.000000e+01,5.726585e-01,6.560774e+01,3.298850e+01,6.619550e+01,3.243820e+01,6.733649e-01,9.379224e-01,1.174723e+00,8.777163e-02,4.973853e-02,6.257483e+00,6.719109e-01,1.488490e+00,1.488484e+00,2.000000e+01,5.947759e-01,7.850327e+01,3.705441e+01,7.718259e+01,3.787680e+01,6.610659e-01,1.123297e+00,1.418197e+00,9.160897e-02,5.199162e-02,6.939617e+00,5.579780e-01,1.820566e+00,1.820520e+00,2.000000e+01,5.719166e-01,9.319058e+01,4.401242e+01,9.234233e+01,4.735950e+01,6.563479e-01,1.206273e+00,1.521943e+00,8.632246e-02,4.853001e-02,6.823808e+00,5.615197e-01,1.906783e+00,1.906280e+00,2.000000e+01,5.993375e-01,1.012559e+02,4.858057e+01,1.003389e+02,4.944293e+01,6.587499e-01,1.293834e+00,1.628280e+00,8.845916e-02,4.967360e-02,8.100635e+00,6.102481e-01,2.074037e+00,2.073681e+00,2.000000e+01,5.546227e-01,1.082511e+02,5.198851e+01,1.079221e+02,5.309977e+01,6.665178e-01,1.398302e+00,1.747985e+00,8.582933e-02,4.814577e-02,7.203726e+00,5.454361e-01,2.216969e+00,2.217071e+00,-2.000000e+01,5.862196e-01,1.168880e+02,5.442645e+01,1.168572e+02,5.563877e+01,6.595220e-01,1.374061e+00,1.728981e+00,9.032890e-02,5.108240e-02,8.354877e+00,5.487922e-01,2.228408e+00,2.228366e+00,2.000000e+01,5.824283e-01,1.147792e+02,5.443305e+01,1.143181e+02,5.475274e+01,6.636758e-01,1.391726e+00,1.743905e+00,9.025252e-02,5.076518e-02,9.954515e+00,6.502731e-01,2.240233e+00,2.240706e+00,-2.000000e+01,4.864427e-01,1.150984e+02,5.418982e+01,1.156976e+02,5.584835e+01,6.556143e-01,1.395674e+00,1.771594e+00,8.985543e-02,5.119522e-02,8.938260e+00,5.914931e-01,2.256026e+00,2.256330e+00,-2.000000e+01,5.346887e-01,1.180168e+02,5.648097e+01,1.143942e+02,5.599601e+01,6.614982e-01,1.365174e+00,1.703596e+00,8.936209e-02,4.995598e-02,8.589099e+00,6.040521e-01,2.194885e+00,2.195044e+00,-2.000000e+01,5.118052e-01,1.135298e+02,5.476497e+01,1.130207e+02,5.477520e+01,6.670515e-01,1.243106e+00,1.560043e+00,8.756277e-02,4.920023e-02,7.321932e+00,5.857400e-01,1.980709e+00,1.981067e+00,-2.000000e+01,5.652845e-01,1.036652e+02,4.970379e+01,1.050214e+02,4.909975e+01,6.589795e-01,1.107590e+00,1.405465e+00,8.762255e-02,4.935977e-02,6.141779e+00,5.653482e-01,1.773471e+00,1.773826e+00,-2.000000e+01,5.937379e-01,9.351405e+01,4.576495e+01,9.278355e+01,4.481052e+01,?
