@relation SMILEfeaturesLive

@attribute name string
@attribute frameTime numeric
@attribute pcm_intensity_sma_max numeric
@attribute pcm_intensity_sma_min numeric
@attribute pcm_intensity_sma_range numeric
@attribute pcm_intensity_sma_maxPos numeric
@attribute pcm_intensity_sma_minPos numeric
@attribute pcm_intensity_sma_amean numeric
@attribute pcm_intensity_sma_linregc1 numeric
@attribute pcm_intensity_sma_linregc2 numeric
@attribute pcm_intensity_sma_linregerrA numeric
@attribute pcm_intensity_sma_linregerrQ numeric
@attribute pcm_intensity_sma_stddev numeric
@attribute pcm_intensity_sma_skewness numeric
@attribute pcm_intensity_sma_kurtosis numeric
@attribute pcm_intensity_sma_quartile1 numeric
@attribute pcm_intensity_sma_quartile2 numeric
@attribute pcm_intensity_sma_quartile3 numeric
@attribute pcm_intensity_sma_iqr1-2 numeric
@attribute pcm_intensity_sma_iqr2-3 numeric
@attribute pcm_intensity_sma_iqr1-3 numeric
@attribute pcm_loudness_sma_max numeric
@attribute pcm_loudness_sma_min numeric
@attribute pcm_loudness_sma_range numeric
@attribute pcm_loudness_sma_maxPos numeric
@attribute pcm_loudness_sma_minPos numeric
@attribute pcm_loudness_sma_amean numeric
@attribute pcm_loudness_sma_linregc1 numeric
@attribute pcm_loudness_sma_linregc2 numeric
@attribute pcm_loudness_sma_linregerrA numeric
@attribute pcm_loudness_sma_linregerrQ numeric
@attribute pcm_loudness_sma_stddev numeric
@attribute pcm_loudness_sma_skewness numeric
@attribute pcm_loudness_sma_kurtosis numeric
@attribute pcm_loudness_sma_quartile1 numeric
@attribute pcm_loudness_sma_quartile2 numeric
@attribute pcm_loudness_sma_quartile3 numeric
@attribute pcm_loudness_sma_iqr1-2 numeric
@attribute pcm_loudness_sma_iqr2-3 numeric
@attribute pcm_loudness_sma_iqr1-3 numeric
@attribute mfcc_sma[1]_max numeric
@attribute mfcc_sma[1]_min numeric
@attribute mfcc_sma[1]_range numeric
@attribute mfcc_sma[1]_maxPos numeric
@attribute mfcc_sma[1]_minPos numeric
@attribute mfcc_sma[1]_amean numeric
@attribute mfcc_sma[1]_linregc1 numeric
@attribute mfcc_sma[1]_linregc2 numeric
@attribute mfcc_sma[1]_linregerrA numeric
@attribute mfcc_sma[1]_linregerrQ numeric
@attribute mfcc_sma[1]_stddev numeric
@attribute mfcc_sma[1]_skewness numeric
@attribute mfcc_sma[1]_kurtosis numeric
@attribute mfcc_sma[1]_quartile1 numeric
@attribute mfcc_sma[1]_quartile2 numeric
@attribute mfcc_sma[1]_quartile3 numeric
@attribute mfcc_sma[1]_iqr1-2 numeric
@attribute mfcc_sma[1]_iqr2-3 numeric
@attribute mfcc_sma[1]_iqr1-3 numeric
@attribute mfcc_sma[2]_max numeric
@attribute mfcc_sma[2]_min numeric
@attribute mfcc_sma[2]_range numeric
@attribute mfcc_sma[2]_maxPos numeric
@attribute mfcc_sma[2]_minPos numeric
@attribute mfcc_sma[2]_amean numeric
@attribute mfcc_sma[2]_linregc1 numeric
@attribute mfcc_sma[2]_linregc2 numeric
@attribute mfcc_sma[2]_linregerrA numeric
@attribute mfcc_sma[2]_linregerrQ numeric
@attribute mfcc_sma[2]_stddev numeric
@attribute mfcc_sma[2]_skewness numeric
@attribute mfcc_sma[2]_kurtosis numeric
@attribute mfcc_sma[2]_quartile1 numeric
@attribute mfcc_sma[2]_quartile2 numeric
@attribute mfcc_sma[2]_quartile3 numeric
@attribute mfcc_sma[2]_iqr1-2 numeric
@attribute mfcc_sma[2]_iqr2-3 numeric
@attribute mfcc_sma[2]_iqr1-3 numeric
@attribute mfcc_sma[3]_max numeric
@attribute mfcc_sma[3]_min numeric
@attribute mfcc_sma[3]_range numeric
@attribute mfcc_sma[3]_maxPos numeric
@attribute mfcc_sma[3]_minPos numeric
@attribute mfcc_sma[3]_amean numeric
@attribute mfcc_sma[3]_linregc1 numeric
@attribute mfcc_sma[3]_linregc2 numeric
@attribute mfcc_sma[3]_linregerrA numeric
@attribute mfcc_sma[3]_linregerrQ numeric
@attribute mfcc_sma[3]_stddev numeric
@attribute mfcc_sma[3]_skewness numeric
@attribute mfcc_sma[3]_kurtosis numeric
@attribute mfcc_sma[3]_quartile1 numeric
@attribute mfcc_sma[3]_quartile2 numeric
@attribute mfcc_sma[3]_quartile3 numeric
@attribute mfcc_sma[3]_iqr1-2 numeric
@attribute mfcc_sma[3]_iqr2-3 numeric
@attribute mfcc_sma[3]_iqr1-3 numeric
@attribute mfcc_sma[4]_max numeric
@attribute mfcc_sma[4]_min numeric
@attribute mfcc_sma[4]_range numeric
@attribute mfcc_sma[4]_maxPos numeric
@attribute mfcc_sma[4]_minPos numeric
@attribute mfcc_sma[4]_amean numeric
@attribute mfcc_sma[4]_linregc1 numeric
@attribute mfcc_sma[4]_linregc2 numeric
@attribute mfcc_sma[4]_linregerrA numeric
@attribute mfcc_sma[4]_linregerrQ numeric
@attribute mfcc_sma[4]_stddev numeric
@attribute mfcc_sma[4]_skewness numeric
@attribute mfcc_sma[4]_kurtosis numeric
@attribute mfcc_sma[4]_quartile1 numeric
@attribute mfcc_sma[4]_quartile2 numeric
@attribute mfcc_sma[4]_quartile3 numeric
@attribute mfcc_sma[4]_iqr1-2 numeric
@attribute mfcc_sma[4]_iqr2-3 numeric
@attribute mfcc_sma[4]_iqr1-3 numeric
@attribute mfcc_sma[5]_max numeric
@attribute mfcc_sma[5]_min numeric
@attribute mfcc_sma[5]_range numeric
@attribute mfcc_sma[5]_maxPos numeric
@attribute mfcc_sma[5]_minPos numeric
@attribute mfcc_sma[5]_amean numeric
@attribute mfcc_sma[5]_linregc1 numeric
@attribute mfcc_sma[5]_linregc2 numeric
@attribute mfcc_sma[5]_linregerrA numeric
@attribute mfcc_sma[5]_linregerrQ numeric
@attribute mfcc_sma[5]_stddev numeric
@attribute mfcc_sma[5]_skewness numeric
@attribute mfcc_sma[5]_kurtosis numeric
@attribute mfcc_sma[5]_quartile1 numeric
@attribute mfcc_sma[5]_quartile2 numeric
@attribute mfcc_sma[5]_quartile3 numeric
@attribute mfcc_sma[5]_iqr1-2 numeric
@attribute mfcc_sma[5]_iqr2-3 numeric
@attribute mfcc_sma[5]_iqr1-3 numeric
@attribute mfcc_sma[6]_max numeric
@attribute mfcc_sma[6]_min numeric
@attribute mfcc_sma[6]_range numeric
@attribute mfcc_sma[6]_maxPos numeric
@attribute mfcc_sma[6]_minPos numeric
@attribute mfcc_sma[6]_amean numeric
@attribute mfcc_sma[6]_linregc1 numeric
@attribute mfcc_sma[6]_linregc2 numeric
@attribute mfcc_sma[6]_linregerrA numeric
@attribute mfcc_sma[6]_linregerrQ numeric
@attribute mfcc_sma[6]_stddev numeric
@attribute mfcc_sma[6]_skewness numeric
@attribute mfcc_sma[6]_kurtosis numeric
@attribute mfcc_sma[6]_quartile1 numeric
@attribute mfcc_sma[6]_quartile2 numeric
@attribute mfcc_sma[6]_quartile3 numeric
@attribute mfcc_sma[6]_iqr1-2 numeric
@attribute mfcc_sma[6]_iqr2-3 numeric
@attribute mfcc_sma[6]_iqr1-3 numeric
@attribute mfcc_sma[7]_max numeric
@attribute mfcc_sma[7]_min numeric
@attribute mfcc_sma[7]_range numeric
@attribute mfcc_sma[7]_maxPos numeric
@attribute mfcc_sma[7]_minPos numeric
@attribute mfcc_sma[7]_amean numeric
@attribute mfcc_sma[7]_linregc1 numeric
@attribute mfcc_sma[7]_linregc2 numeric
@attribute mfcc_sma[7]_linregerrA numeric
@attribute mfcc_sma[7]_linregerrQ numeric
@attribute mfcc_sma[7]_stddev numeric
@attribute mfcc_sma[7]_skewness numeric
@attribute mfcc_sma[7]_kurtosis numeric
@attribute mfcc_sma[7]_quartile1 numeric
@attribute mfcc_sma[7]_quartile2 numeric
@attribute mfcc_sma[7]_quartile3 numeric
@attribute mfcc_sma[7]_iqr1-2 numeric
@attribute mfcc_sma[7]_iqr2-3 numeric
@attribute mfcc_sma[7]_iqr1-3 numeric
@attribute mfcc_sma[8]_max numeric
@attribute mfcc_sma[8]_min numeric
@attribute mfcc_sma[8]_range numeric
@attribute mfcc_sma[8]_maxPos numeric
@attribute mfcc_sma[8]_minPos numeric
@attribute mfcc_sma[8]_amean numeric
@attribute mfcc_sma[8]_linregc1 numeric
@attribute mfcc_sma[8]_linregc2 numeric
@attribute mfcc_sma[8]_linregerrA numeric
@attribute mfcc_sma[8]_linregerrQ numeric
@attribute mfcc_sma[8]_stddev numeric
@attribute mfcc_sma[8]_skewness numeric
@attribute mfcc_sma[8]_kurtosis numeric
@attribute mfcc_sma[8]_quartile1 numeric
@attribute mfcc_sma[8]_quartile2 numeric
@attribute mfcc_sma[8]_quartile3 numeric
@attribute mfcc_sma[8]_iqr1-2 numeric
@attribute mfcc_sma[8]_iqr2-3 numeric
@attribute mfcc_sma[8]_iqr1-3 numeric
@attribute mfcc_sma[9]_max numeric
@attribute mfcc_sma[9]_min numeric
@attribute mfcc_sma[9]_range numeric
@attribute mfcc_sma[9]_maxPos numeric
@attribute mfcc_sma[9]_minPos numeric
@attribute mfcc_sma[9]_amean numeric
@attribute mfcc_sma[9]_linregc1 numeric
@attribute mfcc_sma[9]_linregc2 numeric
@attribute mfcc_sma[9]_linregerrA numeric
@attribute mfcc_sma[9]_linregerrQ numeric
@attribute mfcc_sma[9]_stddev numeric
@attribute mfcc_sma[9]_skewness numeric
@attribute mfcc_sma[9]_kurtosis numeric
@attribute mfcc_sma[9]_quartile1 numeric
@attribute mfcc_sma[9]_quartile2 numeric
@attribute mfcc_sma[9]_quartile3 numeric
@attribute mfcc_sma[9]_iqr1-2 numeric
@attribute mfcc_sma[9]_iqr2-3 numeric
@attribute mfcc_sma[9]_iqr1-3 numeric
@attribute mfcc_sma[10]_max numeric
@attribute mfcc_sma[10]_min numeric
@attribute mfcc_sma[10]_range numeric
@attribute mfcc_sma[10]_maxPos numeric
@attribute mfcc_sma[10]_minPos numeric
@attribute mfcc_sma[10]_amean numeric
@attribute mfcc_sma[10]_linregc1 numeric
@attribute mfcc_sma[10]_linregc2 numeric
@attribute mfcc_sma[10]_linregerrA numeric
@attribute mfcc_sma[10]_linregerrQ numeric
@attribute mfcc_sma[10]_stddev numeric
@attribute mfcc_sma[10]_skewness numeric
@attribute mfcc_sma[10]_kurtosis numeric
@attribute mfcc_sma[10]_quartile1 numeric
@attribute mfcc_sma[10]_quartile2 numeric
@attribute mfcc_sma[10]_quartile3 numeric
@attribute mfcc_sma[10]_iqr1-2 numeric
@attribute mfcc_sma[10]_iqr2-3 numeric
@attribute mfcc_sma[10]_iqr1-3 numeric
@attribute mfcc_sma[11]_max numeric
@attribute mfcc_sma[11]_min numeric
@attribute mfcc_sma[11]_range numeric
@attribute mfcc_sma[11]_maxPos numeric
@attribute mfcc_sma[11]_minPos numeric
@attribute mfcc_sma[11]_amean numeric
@attribute mfcc_sma[11]_linregc1 numeric
@attribute mfcc_sma[11]_linregc2 numeric
@attribute mfcc_sma[11]_linregerrA numeric
@attribute mfcc_sma[11]_linregerrQ numeric
@attribute mfcc_sma[11]_stddev numeric
@attribute mfcc_sma[11]_skewness numeric
@attribute mfcc_sma[11]_kurtosis numeric
@attribute mfcc_sma[11]_quartile1 numeric
@attribute mfcc_sma[11]_quartile2 numeric
@attribute mfcc_sma[11]_quartile3 numeric
@attribute mfcc_sma[11]_iqr1-2 numeric
@attribute mfcc_sma[11]_iqr2-3 numeric
@attribute mfcc_sma[11]_iqr1-3 numeric
@attribute mfcc_sma[12]_max numeric
@attribute mfcc_sma[12]_min numeric
@attribute mfcc_sma[12]_range numeric
@attribute mfcc_sma[12]_maxPos numeric
@attribute mfcc_sma[12]_minPos numeric
@attribute mfcc_sma[12]_amean numeric
@attribute mfcc_sma[12]_linregc1 numeric
@attribute mfcc_sma[12]_linregc2 numeric
@attribute mfcc_sma[12]_linregerrA numeric
@attribute mfcc_sma[12]_linregerrQ numeric
@attribute mfcc_sma[12]_stddev numeric
@attribute mfcc_sma[12]_skewness numeric
@attribute mfcc_sma[12]_kurtosis numeric
@attribute mfcc_sma[12]_quartile1 numeric
@attribute mfcc_sma[12]_quartile2 numeric
@attribute mfcc_sma[12]_quartile3 numeric
@attribute mfcc_sma[12]_iqr1-2 numeric
@attribute mfcc_sma[12]_iqr2-3 numeric
@attribute mfcc_sma[12]_iqr1-3 numeric
@attribute lspFreq_sma[0]_max numeric
@attribute lspFreq_sma[0]_min numeric
@attribute lspFreq_sma[0]_range numeric
@attribute lspFreq_sma[0]_maxPos numeric
@attribute lspFreq_sma[0]_minPos numeric
@attribute lspFreq_sma[0]_amean numeric
@attribute lspFreq_sma[0]_linregc1 numeric
@attribute lspFreq_sma[0]_linregc2 numeric
@attribute lspFreq_sma[0]_linregerrA numeric
@attribute lspFreq_sma[0]_linregerrQ numeric
@attribute lspFreq_sma[0]_stddev numeric
@attribute lspFreq_sma[0]_skewness numeric
@attribute lspFreq_sma[0]_kurtosis numeric
@attribute lspFreq_sma[0]_quartile1 numeric
@attribute lspFreq_sma[0]_quartile2 numeric
@attribute lspFreq_sma[0]_quartile3 numeric
@attribute lspFreq_sma[0]_iqr1-2 numeric
@attribute lspFreq_sma[0]_iqr2-3 numeric
@attribute lspFreq_sma[0]_iqr1-3 numeric
@attribute lspFreq_sma[1]_max numeric
@attribute lspFreq_sma[1]_min numeric
@attribute lspFreq_sma[1]_range numeric
@attribute lspFreq_sma[1]_maxPos numeric
@attribute lspFreq_sma[1]_minPos numeric
@attribute lspFreq_sma[1]_amean numeric
@attribute lspFreq_sma[1]_linregc1 numeric
@attribute lspFreq_sma[1]_linregc2 numeric
@attribute lspFreq_sma[1]_linregerrA numeric
@attribute lspFreq_sma[1]_linregerrQ numeric
@attribute lspFreq_sma[1]_stddev numeric
@attribute lspFreq_sma[1]_skewness numeric
@attribute lspFreq_sma[1]_kurtosis numeric
@attribute lspFreq_sma[1]_quartile1 numeric
@attribute lspFreq_sma[1]_quartile2 numeric
@attribute lspFreq_sma[1]_quartile3 numeric
@attribute lspFreq_sma[1]_iqr1-2 numeric
@attribute lspFreq_sma[1]_iqr2-3 numeric
@attribute lspFreq_sma[1]_iqr1-3 numeric
@attribute lspFreq_sma[2]_max numeric
@attribute lspFreq_sma[2]_min numeric
@attribute lspFreq_sma[2]_range numeric
@attribute lspFreq_sma[2]_maxPos numeric
@attribute lspFreq_sma[2]_minPos numeric
@attribute lspFreq_sma[2]_amean numeric
@attribute lspFreq_sma[2]_linregc1 numeric
@attribute lspFreq_sma[2]_linregc2 numeric
@attribute lspFreq_sma[2]_linregerrA numeric
@attribute lspFreq_sma[2]_linregerrQ numeric
@attribute lspFreq_sma[2]_stddev numeric
@attribute lspFreq_sma[2]_skewness numeric
@attribute lspFreq_sma[2]_kurtosis numeric
@attribute lspFreq_sma[2]_quartile1 numeric
@attribute lspFreq_sma[2]_quartile2 numeric
@attribute lspFreq_sma[2]_quartile3 numeric
@attribute lspFreq_sma[2]_iqr1-2 numeric
@attribute lspFreq_sma[2]_iqr2-3 numeric
@attribute lspFreq_sma[2]_iqr1-3 numeric
@attribute lspFreq_sma[3]_max numeric
@attribute lspFreq_sma[3]_min numeric
@attribute lspFreq_sma[3]_range numeric
@attribute lspFreq_sma[3]_maxPos numeric
@attribute lspFreq_sma[3]_minPos numeric
@attribute lspFreq_sma[3]_amean numeric
@attribute lspFreq_sma[3]_linregc1 numeric
@attribute lspFreq_sma[3]_linregc2 numeric
@attribute lspFreq_sma[3]_linregerrA numeric
@attribute lspFreq_sma[3]_linregerrQ numeric
@attribute lspFreq_sma[3]_stddev numeric
@attribute lspFreq_sma[3]_skewness numeric
@attribute lspFreq_sma[3]_kurtosis numeric
@attribute lspFreq_sma[3]_quartile1 numeric
@attribute lspFreq_sma[3]_quartile2 numeric
@attribute lspFreq_sma[3]_quartile3 numeric
@attribute lspFreq_sma[3]_iqr1-2 numeric
@attribute lspFreq_sma[3]_iqr2-3 numeric
@attribute lspFreq_sma[3]_iqr1-3 numeric
@attribute lspFreq_sma[4]_max numeric
@attribute lspFreq_sma[4]_min numeric
@attribute lspFreq_sma[4]_range numeric
@attribute lspFreq_sma[4]_maxPos numeric
@attribute lspFreq_sma[4]_minPos numeric
@attribute lspFreq_sma[4]_amean numeric
@attribute lspFreq_sma[4]_linregc1 numeric
@attribute lspFreq_sma[4]_linregc2 numeric
@attribute lspFreq_sma[4]_linregerrA numeric
@attribute lspFreq_sma[4]_linregerrQ numeric
@attribute lspFreq_sma[4]_stddev numeric
@attribute lspFreq_sma[4]_skewness numeric
@attribute lspFreq_sma[4]_kurtosis numeric
@attribute lspFreq_sma[4]_quartile1 numeric
@attribute lspFreq_sma[4]_quartile2 numeric
@attribute lspFreq_sma[4]_quartile3 numeric
@attribute lspFreq_sma[4]_iqr1-2 numeric
@attribute lspFreq_sma[4]_iqr2-3 numeric
@attribute lspFreq_sma[4]_iqr1-3 numeric
@attribute lspFreq_sma[5]_max numeric
@attribute lspFreq_sma[5]_min numeric
@attribute lspFreq_sma[5]_range numeric
@attribute lspFreq_sma[5]_maxPos numeric
@attribute lspFreq_sma[5]_minPos numeric
@attribute lspFreq_sma[5]_amean numeric
@attribute lspFreq_sma[5]_linregc1 numeric
@attribute lspFreq_sma[5]_linregc2 numeric
@attribute lspFreq_sma[5]_linregerrA numeric
@attribute lspFreq_sma[5]_linregerrQ numeric
@attribute lspFreq_sma[5]_stddev numeric
@attribute lspFreq_sma[5]_skewness numeric
@attribute lspFreq_sma[5]_kurtosis numeric
@attribute lspFreq_sma[5]_quartile1 numeric
@attribute lspFreq_sma[5]_quartile2 numeric
@attribute lspFreq_sma[5]_quartile3 numeric
@attribute lspFreq_sma[5]_iqr1-2 numeric
@attribute lspFreq_sma[5]_iqr2-3 numeric
@attribute lspFreq_sma[5]_iqr1-3 numeric
@attribute lspFreq_sma[6]_max numeric
@attribute lspFreq_sma[6]_min numeric
@attribute lspFreq_sma[6]_range numeric
@attribute lspFreq_sma[6]_maxPos numeric
@attribute lspFreq_sma[6]_minPos numeric
@attribute lspFreq_sma[6]_amean numeric
@attribute lspFreq_sma[6]_linregc1 numeric
@attribute lspFreq_sma[6]_linregc2 numeric
@attribute lspFreq_sma[6]_linregerrA numeric
@attribute lspFreq_sma[6]_linregerrQ numeric
@attribute lspFreq_sma[6]_stddev numeric
@attribute lspFreq_sma[6]_skewness numeric
@attribute lspFreq_sma[6]_kurtosis numeric
@attribute lspFreq_sma[6]_quartile1 numeric
@attribute lspFreq_sma[6]_quartile2 numeric
@attribute lspFreq_sma[6]_quartile3 numeric
@attribute lspFreq_sma[6]_iqr1-2 numeric
@attribute lspFreq_sma[6]_iqr2-3 numeric
@attribute lspFreq_sma[6]_iqr1-3 numeric
@attribute lspFreq_sma[7]_max numeric
@attribute lspFreq_sma[7]_min numeric
@attribute lspFreq_sma[7]_range numeric
@attribute lspFreq_sma[7]_maxPos numeric
@attribute lspFreq_sma[7]_minPos numeric
@attribute lspFreq_sma[7]_amean numeric
@attribute lspFreq_sma[7]_linregc1 numeric
@attribute lspFreq_sma[7]_linregc2 numeric
@attribute lspFreq_sma[7]_linregerrA numeric
@attribute lspFreq_sma[7]_linregerrQ numeric
@attribute lspFreq_sma[7]_stddev numeric
@attribute lspFreq_sma[7]_skewness numeric
@attribute lspFreq_sma[7]_kurtosis numeric
@attribute lspFreq_sma[7]_quartile1 numeric
@attribute lspFreq_sma[7]_quartile2 numeric
@attribute lspFreq_sma[7]_quartile3 numeric
@attribute lspFreq_sma[7]_iqr1-2 numeric
@attribute lspFreq_sma[7]_iqr2-3 numeric
@attribute lspFreq_sma[7]_iqr1-3 numeric
@attribute pcm_zcr_sma_max numeric
@attribute pcm_zcr_sma_min numeric
@attribute pcm_zcr_sma_range numeric
@attribute pcm_zcr_sma_maxPos numeric
@attribute pcm_zcr_sma_minPos numeric
@attribute pcm_zcr_sma_amean numeric
@attribute pcm_zcr_sma_linregc1 numeric
@attribute pcm_zcr_sma_linregc2 numeric
@attribute pcm_zcr_sma_linregerrA numeric
@attribute pcm_zcr_sma_linregerrQ numeric
@attribute pcm_zcr_sma_stddev numeric
@attribute pcm_zcr_sma_skewness numeric
@attribute pcm_zcr_sma_kurtosis numeric
@attribute pcm_zcr_sma_quartile1 numeric
@attribute pcm_zcr_sma_quartile2 numeric
@attribute pcm_zcr_sma_quartile3 numeric
@attribute pcm_zcr_sma_iqr1-2 numeric
@attribute pcm_zcr_sma_iqr2-3 numeric
@attribute pcm_zcr_sma_iqr1-3 numeric
@attribute voiceProb_sma_max numeric
@attribute voiceProb_sma_min numeric
@attribute voiceProb_sma_range numeric
@attribute voiceProb_sma_maxPos numeric
@attribute voiceProb_sma_minPos numeric
@attribute voiceProb_sma_amean numeric
@attribute voiceProb_sma_linregc1 numeric
@attribute voiceProb_sma_linregc2 numeric
@attribute voiceProb_sma_linregerrA numeric
@attribute voiceProb_sma_linregerrQ numeric
@attribute voiceProb_sma_stddev numeric
@attribute voiceProb_sma_skewness numeric
@attribute voiceProb_sma_kurtosis numeric
@attribute voiceProb_sma_quartile1 numeric
@attribute voiceProb_sma_quartile2 numeric
@attribute voiceProb_sma_quartile3 numeric
@attribute voiceProb_sma_iqr1-2 numeric
@attribute voiceProb_sma_iqr2-3 numeric
@attribute voiceProb_sma_iqr1-3 numeric
@attribute F0_sma_max numeric
@attribute F0_sma_min numeric
@attribute F0_sma_range numeric
@attribute F0_sma_maxPos numeric
@attribute F0_sma_minPos numeric
@attribute F0_sma_amean numeric
@attribute F0_sma_linregc1 numeric
@attribute F0_sma_linregc2 numeric
@attribute F0_sma_linregerrA numeric
@attribute F0_sma_linregerrQ numeric
@attribute F0_sma_stddev numeric
@attribute F0_sma_skewness numeric
@attribute F0_sma_kurtosis numeric
@attribute F0_sma_quartile1 numeric
@attribute F0_sma_quartile2 numeric
@attribute F0_sma_quartile3 numeric
@attribute F0_sma_iqr1-2 numeric
@attribute F0_sma_iqr2-3 numeric
@attribute F0_sma_iqr1-3 numeric
@attribute F0env_sma_max numeric
@attribute F0env_sma_min numeric
@attribute F0env_sma_range numeric
@attribute F0env_sma_maxPos numeric
@attribute F0env_sma_minPos numeric
@attribute F0env_sma_amean numeric
@attribute F0env_sma_linregc1 numeric
@attribute F0env_sma_linregc2 numeric
@attribute F0env_sma_linregerrA numeric
@attribute F0env_sma_linregerrQ numeric
@attribute F0env_sma_stddev numeric
@attribute F0env_sma_skewness numeric
@attribute F0env_sma_kurtosis numeric
@attribute F0env_sma_quartile1 numeric
@attribute F0env_sma_quartile2 numeric
@attribute F0env_sma_quartile3 numeric
@attribute F0env_sma_iqr1-2 numeric
@attribute F0env_sma_iqr2-3 numeric
@attribute F0env_sma_iqr1-3 numeric
@attribute pcm_intensity_sma_de_max numeric
@attribute pcm_intensity_sma_de_min numeric
@attribute pcm_intensity_sma_de_range numeric
@attribute pcm_intensity_sma_de_maxPos numeric
@attribute pcm_intensity_sma_de_minPos numeric
@attribute pcm_intensity_sma_de_amean numeric
@attribute pcm_intensity_sma_de_linregc1 numeric
@attribute pcm_intensity_sma_de_linregc2 numeric
@attribute pcm_intensity_sma_de_linregerrA numeric
@attribute pcm_intensity_sma_de_linregerrQ numeric
@attribute pcm_intensity_sma_de_stddev numeric
@attribute pcm_intensity_sma_de_skewness numeric
@attribute pcm_intensity_sma_de_kurtosis numeric
@attribute pcm_intensity_sma_de_quartile1 numeric
@attribute pcm_intensity_sma_de_quartile2 numeric
@attribute pcm_intensity_sma_de_quartile3 numeric
@attribute pcm_intensity_sma_de_iqr1-2 numeric
@attribute pcm_intensity_sma_de_iqr2-3 numeric
@attribute pcm_intensity_sma_de_iqr1-3 numeric
@attribute pcm_loudness_sma_de_max numeric
@attribute pcm_loudness_sma_de_min numeric
@attribute pcm_loudness_sma_de_range numeric
@attribute pcm_loudness_sma_de_maxPos numeric
@attribute pcm_loudness_sma_de_minPos numeric
@attribute pcm_loudness_sma_de_amean numeric
@attribute pcm_loudness_sma_de_linregc1 numeric
@attribute pcm_loudness_sma_de_linregc2 numeric
@attribute pcm_loudness_sma_de_linregerrA numeric
@attribute pcm_loudness_sma_de_linregerrQ numeric
@attribute pcm_loudness_sma_de_stddev numeric
@attribute pcm_loudness_sma_de_skewness numeric
@attribute pcm_loudness_sma_de_kurtosis numeric
@attribute pcm_loudness_sma_de_quartile1 numeric
@attribute pcm_loudness_sma_de_quartile2 numeric
@attribute pcm_loudness_sma_de_quartile3 numeric
@attribute pcm_loudness_sma_de_iqr1-2 numeric
@attribute pcm_loudness_sma_de_iqr2-3 numeric
@attribute pcm_loudness_sma_de_iqr1-3 numeric
@attribute mfcc_sma_de[1]_max numeric
@attribute mfcc_sma_de[1]_min numeric
@attribute mfcc_sma_de[1]_range numeric
@attribute mfcc_sma_de[1]_maxPos numeric
@attribute mfcc_sma_de[1]_minPos numeric
@attribute mfcc_sma_de[1]_amean numeric
@attribute mfcc_sma_de[1]_linregc1 numeric
@attribute mfcc_sma_de[1]_linregc2 numeric
@attribute mfcc_sma_de[1]_linregerrA numeric
@attribute mfcc_sma_de[1]_linregerrQ numeric
@attribute mfcc_sma_de[1]_stddev numeric
@attribute mfcc_sma_de[1]_skewness numeric
@attribute mfcc_sma_de[1]_kurtosis numeric
@attribute mfcc_sma_de[1]_quartile1 numeric
@attribute mfcc_sma_de[1]_quartile2 numeric
@attribute mfcc_sma_de[1]_quartile3 numeric
@attribute mfcc_sma_de[1]_iqr1-2 numeric
@attribute mfcc_sma_de[1]_iqr2-3 numeric
@attribute mfcc_sma_de[1]_iqr1-3 numeric
@attribute mfcc_sma_de[2]_max numeric
@attribute mfcc_sma_de[2]_min numeric
@attribute mfcc_sma_de[2]_range numeric
@attribute mfcc_sma_de[2]_maxPos numeric
@attribute mfcc_sma_de[2]_minPos numeric
@attribute mfcc_sma_de[2]_amean numeric
@attribute mfcc_sma_de[2]_linregc1 numeric
@attribute mfcc_sma_de[2]_linregc2 numeric
@attribute mfcc_sma_de[2]_linregerrA numeric
@attribute mfcc_sma_de[2]_linregerrQ numeric
@attribute mfcc_sma_de[2]_stddev numeric
@attribute mfcc_sma_de[2]_skewness numeric
@attribute mfcc_sma_de[2]_kurtosis numeric
@attribute mfcc_sma_de[2]_quartile1 numeric
@attribute mfcc_sma_de[2]_quartile2 numeric
@attribute mfcc_sma_de[2]_quartile3 numeric
@attribute mfcc_sma_de[2]_iqr1-2 numeric
@attribute mfcc_sma_de[2]_iqr2-3 numeric
@attribute mfcc_sma_de[2]_iqr1-3 numeric
@attribute mfcc_sma_de[3]_max numeric
@attribute mfcc_sma_de[3]_min numeric
@attribute mfcc_sma_de[3]_range numeric
@attribute mfcc_sma_de[3]_maxPos numeric
@attribute mfcc_sma_de[3]_minPos numeric
@attribute mfcc_sma_de[3]_amean numeric
@attribute mfcc_sma_de[3]_linregc1 numeric
@attribute mfcc_sma_de[3]_linregc2 numeric
@attribute mfcc_sma_de[3]_linregerrA numeric
@attribute mfcc_sma_de[3]_linregerrQ numeric
@attribute mfcc_sma_de[3]_stddev numeric
@attribute mfcc_sma_de[3]_skewness numeric
@attribute mfcc_sma_de[3]_kurtosis numeric
@attribute mfcc_sma_de[3]_quartile1 numeric
@attribute mfcc_sma_de[3]_quartile2 numeric
@attribute mfcc_sma_de[3]_quartile3 numeric
@attribute mfcc_sma_de[3]_iqr1-2 numeric
@attribute mfcc_sma_de[3]_iqr2-3 numeric
@attribute mfcc_sma_de[3]_iqr1-3 numeric
@attribute mfcc_sma_de[4]_max numeric
@attribute mfcc_sma_de[4]_min numeric
@attribute mfcc_sma_de[4]_range numeric
@attribute mfcc_sma_de[4]_maxPos numeric
@attribute mfcc_sma_de[4]_minPos numeric
@attribute mfcc_sma_de[4]_amean numeric
@attribute mfcc_sma_de[4]_linregc1 numeric
@attribute mfcc_sma_de[4]_linregc2 numeric
@attribute mfcc_sma_de[4]_linregerrA numeric
@attribute mfcc_sma_de[4]_linregerrQ numeric
@attribute mfcc_sma_de[4]_stddev numeric
@attribute mfcc_sma_de[4]_skewness numeric
@attribute mfcc_sma_de[4]_kurtosis numeric
@attribute mfcc_sma_de[4]_quartile1 numeric
@attribute mfcc_sma_de[4]_quartile2 numeric
@attribute mfcc_sma_de[4]_quartile3 numeric
@attribute mfcc_sma_de[4]_iqr1-2 numeric
@attribute mfcc_sma_de[4]_iqr2-3 numeric
@attribute mfcc_sma_de[4]_iqr1-3 numeric
@attribute mfcc_sma_de[5]_max numeric
@attribute mfcc_sma_de[5]_min numeric
@attribute mfcc_sma_de[5]_range numeric
@attribute mfcc_sma_de[5]_maxPos numeric
@attribute mfcc_sma_de[5]_minPos numeric
@attribute mfcc_sma_de[5]_amean numeric
@attribute mfcc_sma_de[5]_linregc1 numeric
@attribute mfcc_sma_de[5]_linregc2 numeric
@attribute mfcc_sma_de[5]_linregerrA numeric
@attribute mfcc_sma_de[5]_linregerrQ numeric
@attribute mfcc_sma_de[5]_stddev numeric
@attribute mfcc_sma_de[5]_skewness numeric
@attribute mfcc_sma_de[5]_kurtosis numeric
@attribute mfcc_sma_de[5]_quartile1 numeric
@attribute mfcc_sma_de[5]_quartile2 numeric
@attribute mfcc_sma_de[5]_quartile3 numeric
@attribute mfcc_sma_de[5]_iqr1-2 numeric
@attribute mfcc_sma_de[5]_iqr2-3 numeric
@attribute mfcc_sma_de[5]_iqr1-3 numeric
@attribute mfcc_sma_de[6]_max numeric
@attribute mfcc_sma_de[6]_min numeric
@attribute mfcc_sma_de[6]_range numeric
@attribute mfcc_sma_de[6]_maxPos numeric
@attribute mfcc_sma_de[6]_minPos numeric
@attribute mfcc_sma_de[6]_amean numeric
@attribute mfcc_sma_de[6]_linregc1 numeric
@attribute mfcc_sma_de[6]_linregc2 numeric
@attribute mfcc_sma_de[6]_linregerrA numeric
@attribute mfcc_sma_de[6]_linregerrQ numeric
@attribute mfcc_sma_de[6]_stddev numeric
@attribute mfcc_sma_de[6]_skewness numeric
@attribute mfcc_sma_de[6]_kurtosis numeric
@attribute mfcc_sma_de[6]_quartile1 numeric
@attribute mfcc_sma_de[6]_quartile2 numeric
@attribute mfcc_sma_de[6]_quartile3 numeric
@attribute mfcc_sma_de[6]_iqr1-2 numeric
@attribute mfcc_sma_de[6]_iqr2-3 numeric
@attribute mfcc_sma_de[6]_iqr1-3 numeric
@attribute mfcc_sma_de[7]_max numeric
@attribute mfcc_sma_de[7]_min numeric
@attribute mfcc_sma_de[7]_range numeric
@attribute mfcc_sma_de[7]_maxPos numeric
@attribute mfcc_sma_de[7]_minPos numeric
@attribute mfcc_sma_de[7]_amean numeric
@attribute mfcc_sma_de[7]_linregc1 numeric
@attribute mfcc_sma_de[7]_linregc2 numeric
@attribute mfcc_sma_de[7]_linregerrA numeric
@attribute mfcc_sma_de[7]_linregerrQ numeric
@attribute mfcc_sma_de[7]_stddev numeric
@attribute mfcc_sma_de[7]_skewness numeric
@attribute mfcc_sma_de[7]_kurtosis numeric
@attribute mfcc_sma_de[7]_quartile1 numeric
@attribute mfcc_sma_de[7]_quartile2 numeric
@attribute mfcc_sma_de[7]_quartile3 numeric
@attribute mfcc_sma_de[7]_iqr1-2 numeric
@attribute mfcc_sma_de[7]_iqr2-3 numeric
@attribute mfcc_sma_de[7]_iqr1-3 numeric
@attribute mfcc_sma_de[8]_max numeric
@attribute mfcc_sma_de[8]_min numeric
@attribute mfcc_sma_de[8]_range numeric
@attribute mfcc_sma_de[8]_maxPos numeric
@attribute mfcc_sma_de[8]_minPos numeric
@attribute mfcc_sma_de[8]_amean numeric
@attribute mfcc_sma_de[8]_linregc1 numeric
@attribute mfcc_sma_de[8]_linregc2 numeric
@attribute mfcc_sma_de[8]_linregerrA numeric
@attribute mfcc_sma_de[8]_linregerrQ numeric
@attribute mfcc_sma_de[8]_stddev numeric
@attribute mfcc_sma_de[8]_skewness numeric
@attribute mfcc_sma_de[8]_kurtosis numeric
@attribute mfcc_sma_de[8]_quartile1 numeric
@attribute mfcc_sma_de[8]_quartile2 numeric
@attribute mfcc_sma_de[8]_quartile3 numeric
@attribute mfcc_sma_de[8]_iqr1-2 numeric
@attribute mfcc_sma_de[8]_iqr2-3 numeric
@attribute mfcc_sma_de[8]_iqr1-3 numeric
@attribute mfcc_sma_de[9]_max numeric
@attribute mfcc_sma_de[9]_min numeric
@attribute mfcc_sma_de[9]_range numeric
@attribute mfcc_sma_de[9]_maxPos numeric
@attribute mfcc_sma_de[9]_minPos numeric
@attribute mfcc_sma_de[9]_amean numeric
@attribute mfcc_sma_de[9]_linregc1 numeric
@attribute mfcc_sma_de[9]_linregc2 numeric
@attribute mfcc_sma_de[9]_linregerrA numeric
@attribute mfcc_sma_de[9]_linregerrQ numeric
@attribute mfcc_sma_de[9]_stddev numeric
@attribute mfcc_sma_de[9]_skewness numeric
@attribute mfcc_sma_de[9]_kurtosis numeric
@attribute mfcc_sma_de[9]_quartile1 numeric
@attribute mfcc_sma_de[9]_quartile2 numeric
@attribute mfcc_sma_de[9]_quartile3 numeric
@attribute mfcc_sma_de[9]_iqr1-2 numeric
@attribute mfcc_sma_de[9]_iqr2-3 numeric
@attribute mfcc_sma_de[9]_iqr1-3 numeric
@attribute mfcc_sma_de[10]_max numeric
@attribute mfcc_sma_de[10]_min numeric
@attribute mfcc_sma_de[10]_range numeric
@attribute mfcc_sma_de[10]_maxPos numeric
@attribute mfcc_sma_de[10]_minPos numeric
@attribute mfcc_sma_de[10]_amean numeric
@attribute mfcc_sma_de[10]_linregc1 numeric
@attribute mfcc_sma_de[10]_linregc2 numeric
@attribute mfcc_sma_de[10]_linregerrA numeric
@attribute mfcc_sma_de[10]_linregerrQ numeric
@attribute mfcc_sma_de[10]_stddev numeric
@attribute mfcc_sma_de[10]_skewness numeric
@attribute mfcc_sma_de[10]_kurtosis numeric
@attribute mfcc_sma_de[10]_quartile1 numeric
@attribute mfcc_sma_de[10]_quartile2 numeric
@attribute mfcc_sma_de[10]_quartile3 numeric
@attribute mfcc_sma_de[10]_iqr1-2 numeric
@attribute mfcc_sma_de[10]_iqr2-3 numeric
@attribute mfcc_sma_de[10]_iqr1-3 numeric
@attribute mfcc_sma_de[11]_max numeric
@attribute mfcc_sma_de[11]_min numeric
@attribute mfcc_sma_de[11]_range numeric
@attribute mfcc_sma_de[11]_maxPos numeric
@attribute mfcc_sma_de[11]_minPos numeric
@attribute mfcc_sma_de[11]_amean numeric
@attribute mfcc_sma_de[11]_linregc1 numeric
@attribute mfcc_sma_de[11]_linregc2 numeric
@attribute mfcc_sma_de[11]_linregerrA numeric
@attribute mfcc_sma_de[11]_linregerrQ numeric
@attribute mfcc_sma_de[11]_stddev numeric
@attribute mfcc_sma_de[11]_skewness numeric
@attribute mfcc_sma_de[11]_kurtosis numeric
@attribute mfcc_sma_de[11]_quartile1 numeric
@attribute mfcc_sma_de[11]_quartile2 numeric
@attribute mfcc_sma_de[11]_quartile3 numeric
@attribute mfcc_sma_de[11]_iqr1-2 numeric
@attribute mfcc_sma_de[11]_iqr2-3 numeric
@attribute mfcc_sma_de[11]_iqr1-3 numeric
@attribute mfcc_sma_de[12]_max numeric
@attribute mfcc_sma_de[12]_min numeric
@attribute mfcc_sma_de[12]_range numeric
@attribute mfcc_sma_de[12]_maxPos numeric
@attribute mfcc_sma_de[12]_minPos numeric
@attribute mfcc_sma_de[12]_amean numeric
@attribute mfcc_sma_de[12]_linregc1 numeric
@attribute mfcc_sma_de[12]_linregc2 numeric
@attribute mfcc_sma_de[12]_linregerrA numeric
@attribute mfcc_sma_de[12]_linregerrQ numeric
@attribute mfcc_sma_de[12]_stddev numeric
@attribute mfcc_sma_de[12]_skewness numeric
@attribute mfcc_sma_de[12]_kurtosis numeric
@attribute mfcc_sma_de[12]_quartile1 numeric
@attribute mfcc_sma_de[12]_quartile2 numeric
@attribute mfcc_sma_de[12]_quartile3 numeric
@attribute mfcc_sma_de[12]_iqr1-2 numeric
@attribute mfcc_sma_de[12]_iqr2-3 numeric
@attribute mfcc_sma_de[12]_iqr1-3 numeric
@attribute lspFreq_sma_de[0]_max numeric
@attribute lspFreq_sma_de[0]_min numeric
@attribute lspFreq_sma_de[0]_range numeric
@attribute lspFreq_sma_de[0]_maxPos numeric
@attribute lspFreq_sma_de[0]_minPos numeric
@attribute lspFreq_sma_de[0]_amean numeric
@attribute lspFreq_sma_de[0]_linregc1 numeric
@attribute lspFreq_sma_de[0]_linregc2 numeric
@attribute lspFreq_sma_de[0]_linregerrA numeric
@attribute lspFreq_sma_de[0]_linregerrQ numeric
@attribute lspFreq_sma_de[0]_stddev numeric
@attribute lspFreq_sma_de[0]_skewness numeric
@attribute lspFreq_sma_de[0]_kurtosis numeric
@attribute lspFreq_sma_de[0]_quartile1 numeric
@attribute lspFreq_sma_de[0]_quartile2 numeric
@attribute lspFreq_sma_de[0]_quartile3 numeric
@attribute lspFreq_sma_de[0]_iqr1-2 numeric
@attribute lspFreq_sma_de[0]_iqr2-3 numeric
@attribute lspFreq_sma_de[0]_iqr1-3 numeric
@attribute lspFreq_sma_de[1]_max numeric
@attribute lspFreq_sma_de[1]_min numeric
@attribute lspFreq_sma_de[1]_range numeric
@attribute lspFreq_sma_de[1]_maxPos numeric
@attribute lspFreq_sma_de[1]_minPos numeric
@attribute lspFreq_sma_de[1]_amean numeric
@attribute lspFreq_sma_de[1]_linregc1 numeric
@attribute lspFreq_sma_de[1]_linregc2 numeric
@attribute lspFreq_sma_de[1]_linregerrA numeric
@attribute lspFreq_sma_de[1]_linregerrQ numeric
@attribute lspFreq_sma_de[1]_stddev numeric
@attribute lspFreq_sma_de[1]_skewness numeric
@attribute lspFreq_sma_de[1]_kurtosis numeric
@attribute lspFreq_sma_de[1]_quartile1 numeric
@attribute lspFreq_sma_de[1]_quartile2 numeric
@attribute lspFreq_sma_de[1]_quartile3 numeric
@attribute lspFreq_sma_de[1]_iqr1-2 numeric
@attribute lspFreq_sma_de[1]_iqr2-3 numeric
@attribute lspFreq_sma_de[1]_iqr1-3 numeric
@attribute lspFreq_sma_de[2]_max numeric
@attribute lspFreq_sma_de[2]_min numeric
@attribute lspFreq_sma_de[2]_range numeric
@attribute lspFreq_sma_de[2]_maxPos numeric
@attribute lspFreq_sma_de[2]_minPos numeric
@attribute lspFreq_sma_de[2]_amean numeric
@attribute lspFreq_sma_de[2]_linregc1 numeric
@attribute lspFreq_sma_de[2]_linregc2 numeric
@attribute lspFreq_sma_de[2]_linregerrA numeric
@attribute lspFreq_sma_de[2]_linregerrQ numeric
@attribute lspFreq_sma_de[2]_stddev numeric
@attribute lspFreq_sma_de[2]_skewness numeric
@attribute lspFreq_sma_de[2]_kurtosis numeric
@attribute lspFreq_sma_de[2]_quartile1 numeric
@attribute lspFreq_sma_de[2]_quartile2 numeric
@attribute lspFreq_sma_de[2]_quartile3 numeric
@attribute lspFreq_sma_de[2]_iqr1-2 numeric
@attribute lspFreq_sma_de[2]_iqr2-3 numeric
@attribute lspFreq_sma_de[2]_iqr1-3 numeric
@attribute lspFreq_sma_de[3]_max numeric
@attribute lspFreq_sma_de[3]_min numeric
@attribute lspFreq_sma_de[3]_range numeric
@attribute lspFreq_sma_de[3]_maxPos numeric
@attribute lspFreq_sma_de[3]_minPos numeric
@attribute lspFreq_sma_de[3]_amean numeric
@attribute lspFreq_sma_de[3]_linregc1 numeric
@attribute lspFreq_sma_de[3]_linregc2 numeric
@attribute lspFreq_sma_de[3]_linregerrA numeric
@attribute lspFreq_sma_de[3]_linregerrQ numeric
@attribute lspFreq_sma_de[3]_stddev numeric
@attribute lspFreq_sma_de[3]_skewness numeric
@attribute lspFreq_sma_de[3]_kurtosis numeric
@attribute lspFreq_sma_de[3]_quartile1 numeric
@attribute lspFreq_sma_de[3]_quartile2 numeric
@attribute lspFreq_sma_de[3]_quartile3 numeric
@attribute lspFreq_sma_de[3]_iqr1-2 numeric
@attribute lspFreq_sma_de[3]_iqr2-3 numeric
@attribute lspFreq_sma_de[3]_iqr1-3 numeric
@attribute lspFreq_sma_de[4]_max numeric
@attribute lspFreq_sma_de[4]_min numeric
@attribute lspFreq_sma_de[4]_range numeric
@attribute lspFreq_sma_de[4]_maxPos numeric
@attribute lspFreq_sma_de[4]_minPos numeric
@attribute lspFreq_sma_de[4]_amean numeric
@attribute lspFreq_sma_de[4]_linregc1 numeric
@attribute lspFreq_sma_de[4]_linregc2 numeric
@attribute lspFreq_sma_de[4]_linregerrA numeric
@attribute lspFreq_sma_de[4]_linregerrQ numeric
@attribute lspFreq_sma_de[4]_stddev numeric
@attribute lspFreq_sma_de[4]_skewness numeric
@attribute lspFreq_sma_de[4]_kurtosis numeric
@attribute lspFreq_sma_de[4]_quartile1 numeric
@attribute lspFreq_sma_de[4]_quartile2 numeric
@attribute lspFreq_sma_de[4]_quartile3 numeric
@attribute lspFreq_sma_de[4]_iqr1-2 numeric
@attribute lspFreq_sma_de[4]_iqr2-3 numeric
@attribute lspFreq_sma_de[4]_iqr1-3 numeric
@attribute lspFreq_sma_de[5]_max numeric
@attribute lspFreq_sma_de[5]_min numeric
@attribute lspFreq_sma_de[5]_range numeric
@attribute lspFreq_sma_de[5]_maxPos numeric
@attribute lspFreq_sma_de[5]_minPos numeric
@attribute lspFreq_sma_de[5]_amean numeric
@attribute lspFreq_sma_de[5]_linregc1 numeric
@attribute lspFreq_sma_de[5]_linregc2 numeric
@attribute lspFreq_sma_de[5]_linregerrA numeric
@attribute lspFreq_sma_de[5]_linregerrQ numeric
@attribute lspFreq_sma_de[5]_stddev numeric
@attribute lspFreq_sma_de[5]_skewness numeric
@attribute lspFreq_sma_de[5]_kurtosis numeric
@attribute lspFreq_sma_de[5]_quartile1 numeric
@attribute lspFreq_sma_de[5]_quartile2 numeric
@attribute lspFreq_sma_de[5]_quartile3 numeric
@attribute lspFreq_sma_de[5]_iqr1-2 numeric
@attribute lspFreq_sma_de[5]_iqr2-3 numeric
@attribute lspFreq_sma_de[5]_iqr1-3 numeric
@attribute lspFreq_sma_de[6]_max numeric
@attribute lspFreq_sma_de[6]_min numeric
@attribute lspFreq_sma_de[6]_range numeric
@attribute lspFreq_sma_de[6]_maxPos numeric
@attribute lspFreq_sma_de[6]_minPos numeric
@attribute lspFreq_sma_de[6]_amean numeric
@attribute lspFreq_sma_de[6]_linregc1 numeric
@attribute lspFreq_sma_de[6]_linregc2 numeric
@attribute lspFreq_sma_de[6]_linregerrA numeric
@attribute lspFreq_sma_de[6]_linregerrQ numeric
@attribute lspFreq_sma_de[6]_stddev numeric
@attribute lspFreq_sma_de[6]_skewness numeric
@attribute lspFreq_sma_de[6]_kurtosis numeric
@attribute lspFreq_sma_de[6]_quartile1 numeric
@attribute lspFreq_sma_de[6]_quartile2 numeric
@attribute lspFreq_sma_de[6]_quartile3 numeric
@attribute lspFreq_sma_de[6]_iqr1-2 numeric
@attribute lspFreq_sma_de[6]_iqr2-3 numeric
@attribute lspFreq_sma_de[6]_iqr1-3 numeric
@attribute lspFreq_sma_de[7]_max numeric
@attribute lspFreq_sma_de[7]_min numeric
@attribute lspFreq_sma_de[7]_range numeric
@attribute lspFreq_sma_de[7]_maxPos numeric
@attribute lspFreq_sma_de[7]_minPos numeric
@attribute lspFreq_sma_de[7]_amean numeric
@attribute lspFreq_sma_de[7]_linregc1 numeric
@attribute lspFreq_sma_de[7]_linregc2 numeric
@attribute lspFreq_sma_de[7]_linregerrA numeric
@attribute lspFreq_sma_de[7]_linregerrQ numeric
@attribute lspFreq_sma_de[7]_stddev numeric
@attribute lspFreq_sma_de[7]_skewness numeric
@attribute lspFreq_sma_de[7]_kurtosis numeric
@attribute lspFreq_sma_de[7]_quartile1 numeric
@attribute lspFreq_sma_de[7]_quartile2 numeric
@attribute lspFreq_sma_de[7]_quartile3 numeric
@attribute lspFreq_sma_de[7]_iqr1-2 numeric
@attribute lspFreq_sma_de[7]_iqr2-3 numeric
@attribute lspFreq_sma_de[7]_iqr1-3 numeric
@attribute pcm_zcr_sma_de_max numeric
@attribute pcm_zcr_sma_de_min numeric
@attribute pcm_zcr_sma_de_range numeric
@attribute pcm_zcr_sma_de_maxPos numeric
@attribute pcm_zcr_sma_de_minPos numeric
@attribute pcm_zcr_sma_de_amean numeric
@attribute pcm_zcr_sma_de_linregc1 numeric
@attribute pcm_zcr_sma_de_linregc2 numeric
@attribute pcm_zcr_sma_de_linregerrA numeric
@attribute pcm_zcr_sma_de_linregerrQ numeric
@attribute pcm_zcr_sma_de_stddev numeric
@attribute pcm_zcr_sma_de_skewness numeric
@attribute pcm_zcr_sma_de_kurtosis numeric
@attribute pcm_zcr_sma_de_quartile1 numeric
@attribute pcm_zcr_sma_de_quartile2 numeric
@attribute pcm_zcr_sma_de_quartile3 numeric
@attribute pcm_zcr_sma_de_iqr1-2 numeric
@attribute pcm_zcr_sma_de_iqr2-3 numeric
@attribute pcm_zcr_sma_de_iqr1-3 numeric
@attribute voiceProb_sma_de_max numeric
@attribute voiceProb_sma_de_min numeric
@attribute voiceProb_sma_de_range numeric
@attribute voiceProb_sma_de_maxPos numeric
@attribute voiceProb_sma_de_minPos numeric
@attribute voiceProb_sma_de_amean numeric
@attribute voiceProb_sma_de_linregc1 numeric
@attribute voiceProb_sma_de_linregc2 numeric
@attribute voiceProb_sma_de_linregerrA numeric
@attribute voiceProb_sma_de_linregerrQ numeric
@attribute voiceProb_sma_de_stddev numeric
@attribute voiceProb_sma_de_skewness numeric
@attribute voiceProb_sma_de_kurtosis numeric
@attribute voiceProb_sma_de_quartile1 numeric
@attribute voiceProb_sma_de_quartile2 numeric
@attribute voiceProb_sma_de_quartile3 numeric
@attribute voiceProb_sma_de_iqr1-2 numeric
@attribute voiceProb_sma_de_iqr2-3 numeric
@attribute voiceProb_sma_de_iqr1-3 numeric
@attribute F0_sma_de_max numeric
@attribute F0_sma_de_min numeric
@attribute F0_sma_de_range numeric
@attribute F0_sma_de_maxPos numeric
@attribute F0_sma_de_minPos numeric
@attribute F0_sma_de_amean numeric
@attribute F0_sma_de_linregc1 numeric
@attribute F0_sma_de_linregc2 numeric
@attribute F0_sma_de_linregerrA numeric
@attribute F0_sma_de_linregerrQ numeric
@attribute F0_sma_de_stddev numeric
@attribute F0_sma_de_skewness numeric
@attribute F0_sma_de_kurtosis numeric
@attribute F0_sma_de_quartile1 numeric
@attribute F0_sma_de_quartile2 numeric
@attribute F0_sma_de_quartile3 numeric
@attribute F0_sma_de_iqr1-2 numeric
@attribute F0_sma_de_iqr2-3 numeric
@attribute F0_sma_de_iqr1-3 numeric
@attribute F0env_sma_de_max numeric
@attribute F0env_sma_de_min numeric
@attribute F0env_sma_de_range numeric
@attribute F0env_sma_de_maxPos numeric
@attribute F0env_sma_de_minPos numeric
@attribute F0env_sma_de_amean numeric
@attribute F0env_sma_de_linregc1 numeric
@attribute F0env_sma_de_linregc2 numeric
@attribute F0env_sma_de_linregerrA numeric
@attribute F0env_sma_de_linregerrQ numeric
@attribute F0env_sma_de_stddev numeric
@attribute F0env_sma_de_skewness numeric
@attribute F0env_sma_de_kurtosis numeric
@attribute F0env_sma_de_quartile1 numeric
@attribute F0env_sma_de_quartile2 numeric
@attribute F0env_sma_de_quartile3 numeric
@attribute F0env_sma_de_iqr1-2 numeric
@attribute F0env_sma_de_iqr2-3 numeric
@attribute F0env_sma_de_iqr1-3 numeric
@attribute emotion unknown

@data

'liveturn_0',0.012500,2.434565e-04,1.751758e-11,2.434564e-04,1.181000e+03,1.388500e+04,6.415990e-07,-1.275562e-10,1.551712e-06,1.193513e-06,4.115636e-11,6.436809e-06,1.897990e+01,4.602752e+02,5.385845e-09,1.136576e-08,2.477585e-08,5.979914e-09,1.341010e-08,1.939001e-08,5.186338e+00,3.280735e-02,5.153531e+00,1.181000e+03,1.388500e+04,3.043205e-01,-9.050341e-06,3.688947e-01,1.553873e-01,1.043071e-01,3.251111e-01,5.716887e+00,4.686145e+01,1.790540e-01,2.268656e-01,2.918524e-01,4.781167e-02,6.498677e-02,1.127984e-01,2.351472e+01,-2.973007e+01,5.324479e+01,1.180000e+03,9.567000e+03,-3.217488e+00,2.786057e-05,-3.416273e+00,3.807713e+00,2.658429e+01,5.157273e+00,-9.020007e-01,5.301867e+00,-5.421201e+00,-1.925813e+00,-1.104544e-01,3.495388e+00,1.815359e+00,5.310747e+00,2.478636e+01,-3.560840e+01,6.039476e+01,1.465000e+03,1.095700e+04,-6.142739e+00,-1.414184e-04,-5.133718e+00,3.788880e+00,2.974937e+01,5.485325e+00,9.344023e-01,7.306090e+00,-8.951468e+00,-6.664467e+00,-3.923429e+00,2.287001e+00,2.741038e+00,5.028038e+00,2.358328e+01,-3.187528e+01,5.545856e+01,7.382000e+03,1.095500e+04,-7.605202e+00,-2.695538e-04,-5.681936e+00,4.672172e+00,4.336944e+01,6.678517e+00,1.282884e+00,5.985333e+00,-1.140797e+01,-8.851113e+00,-5.308990e+00,2.556854e+00,3.542124e+00,6.098978e+00,2.973489e+01,-4.372390e+01,7.345879e+01,1.193000e+03,8.260000e+03,-6.939878e+00,-6.673551e-05,-6.463720e+00,5.184223e+00,5.704672e+01,7.557930e+00,-1.609884e-01,6.188166e+00,-1.007066e+01,-6.572835e+00,-3.294700e+00,3.497826e+00,3.278136e+00,6.775962e+00,4.388776e+01,-2.199550e+01,6.588326e+01,1.107100e+04,6.803000e+03,2.927790e-01,-2.680512e-04,2.205324e+00,6.202650e+00,6.942677e+01,8.405130e+00,1.338219e+00,5.157241e+00,-5.155307e+00,-1.685527e+00,3.504388e+00,3.469780e+00,5.189915e+00,8.659695e+00,3.488855e+01,-4.482985e+01,7.971840e+01,1.371400e+04,4.761000e+03,2.120140e+00,7.509544e-05,1.584334e+00,5.285198e+00,5.383017e+01,7.343424e+00,3.550486e-01,5.507363e+00,-1.958655e+00,1.640598e+00,5.636763e+00,3.599253e+00,3.996165e+00,7.595418e+00,5.082682e+01,-2.737685e+01,7.820367e+01,6.783000e+03,1.013000e+03,2.897608e+00,-2.173654e-04,4.448510e+00,5.984812e+00,6.571342e+01,8.155691e+00,1.004515e+00,5.716255e+00,-2.144638e+00,1.838205e+00,6.625392e+00,3.982844e+00,4.787187e+00,8.770030e+00,4.081662e+01,-2.803815e+01,6.885478e+01,7.409000e+03,9.595000e+03,8.379892e+00,-1.150483e-04,9.200762e+00,5.715584e+00,5.809688e+01,7.636853e+00,7.569897e-02,4.389838e+00,3.837483e+00,8.181053e+00,1.257064e+01,4.343570e+00,4.389590e+00,8.733160e+00,3.413939e+01,-3.859654e+01,7.273593e+01,4.520000e+02,1.133700e+04,5.338830e+00,-2.218392e-05,5.497113e+00,5.706305e+00,6.003131e+01,7.748527e+00,-4.781203e-01,5.005377e+00,1.351874e+00,5.680191e+00,9.770716e+00,4.328317e+00,4.090525e+00,8.418841e+00,3.679551e+01,-3.817860e+01,7.497412e+01,5.136000e+03,1.105800e+04,-2.069143e+00,-1.526749e-04,-9.798077e-01,5.648219e+00,5.397905e+01,7.373917e+00,2.792362e-01,4.013875e+00,-6.743475e+00,-2.507035e+00,2.204694e+00,4.236440e+00,4.711729e+00,8.948169e+00,3.852934e+01,-2.669994e+01,6.522928e+01,1.417000e+03,5.290000e+02,2.923991e+00,-7.769396e-05,3.478338e+00,5.437350e+00,5.055976e+01,7.117739e+00,6.849150e-01,4.065902e+00,-1.817859e+00,2.132519e+00,6.691722e+00,3.950378e+00,4.559202e+00,8.509581e+00,3.375665e+01,-3.044640e+01,6.420305e+01,7.046000e+03,5.394000e+03,1.893279e+00,-1.161496e-04,2.722007e+00,4.818358e+00,3.934454e+01,6.290748e+00,1.758435e-01,4.020344e+00,-2.069507e+00,1.665315e+00,5.672912e+00,3.734821e+00,4.007597e+00,7.742418e+00,6.189814e-01,1.431934e-02,6.046620e-01,8.753000e+03,1.180000e+03,2.322382e-01,3.735394e-07,2.295730e-01,4.517746e-02,4.853073e-03,6.968099e-02,1.979455e-01,5.996254e+00,2.077032e-01,2.249969e-01,2.543467e-01,1.729368e-02,2.934979e-02,4.664347e-02,1.056488e+00,2.288055e-01,8.276821e-01,1.401300e+04,1.095600e+04,5.654591e-01,-7.792400e-08,5.660151e-01,4.148132e-02,3.604343e-03,6.003704e-02,1.101864e+00,7.569380e+00,5.337675e-01,5.550436e-01,5.862682e-01,2.127612e-02,3.122455e-02,5.250067e-02,1.293865e+00,5.909144e-01,7.029502e-01,7.206000e+03,8.256000e+03,9.200048e-01,2.283819e-06,9.037098e-01,5.939113e-02,6.743312e-03,8.265491e-02,-9.321262e-01,4.629992e+00,8.976065e-01,9.417822e-01,9.632072e-01,4.417574e-02,2.142495e-02,6.560069e-02,1.582206e+00,9.100335e-01,6.721724e-01,9.838000e+03,2.531000e+03,1.300833e+00,5.747706e-07,1.296732e+00,4.781765e-02,4.664333e-03,6.833696e-02,-2.069354e+00,8.847489e+00,1.283265e+00,1.321849e+00,1.341025e+00,3.858316e-02,1.917636e-02,5.775952e-02,1.821980e+00,1.381762e+00,4.402173e-01,9.838000e+03,1.366300e+04,1.675740e+00,4.632879e-07,1.672435e+00,4.324358e-02,3.131801e-03,5.599503e-02,-1.452697e+00,5.481290e+00,1.648152e+00,1.693646e+00,1.715553e+00,4.549396e-02,2.190673e-02,6.740069e-02,2.111759e+00,1.741054e+00,3.707050e-01,8.167000e+03,1.052300e+04,2.011788e+00,-1.852718e-08,2.011920e+00,4.426329e-02,3.170807e-03,5.630997e-02,-1.353596e+00,4.620198e+00,1.984234e+00,2.031594e+00,2.052732e+00,4.736018e-02,2.113795e-02,6.849813e-02,2.443753e+00,2.040732e+00,4.030213e-01,2.855000e+03,8.755000e+03,2.363569e+00,8.152261e-08,2.362987e+00,4.036611e-02,2.929962e-03,5.413016e-02,-1.772301e+00,6.486524e+00,2.345142e+00,2.382965e+00,2.399553e+00,3.782248e-02,1.658797e-02,5.441046e-02,2.789019e+00,2.313620e+00,4.753997e-01,1.056300e+04,8.754000e+03,2.665004e+00,2.820493e-08,2.664803e+00,2.671797e-02,1.560057e-03,3.949772e-02,-2.395538e+00,1.136956e+01,2.656711e+00,2.676625e+00,2.687856e+00,1.991463e-02,1.123047e-02,3.114510e-02,1.955274e-01,0.000000e+00,1.955274e-01,8.752000e+03,8.280000e+02,3.979007e-02,2.710968e-07,3.785579e-02,1.497667e-02,4.558107e-04,2.137892e-02,9.028159e-01,5.969979e+00,2.991840e-02,3.898459e-02,4.835298e-02,9.066183e-03,9.368390e-03,1.843457e-02,9.572589e-01,4.376471e-02,9.134942e-01,7.401000e+03,7.723000e+03,4.150795e-01,-3.252012e-06,4.382826e-01,1.112128e-01,2.152680e-02,1.473306e-01,1.142319e+00,4.330080e+00,3.132635e-01,3.828349e-01,4.806842e-01,6.957141e-02,9.784928e-02,1.674207e-01,4.693614e+02,0.000000e+00,4.693614e+02,6.792000e+03,0.000000e+00,5.364079e+01,-2.594079e-03,7.214954e+01,8.406259e+01,1.298840e+04,1.144666e+02,1.995976e+00,5.633379e+00,0.000000e+00,0.000000e+00,0.000000e+00,0.000000e+00,0.000000e+00,0.000000e+00,4.577613e+02,0.000000e+00,4.577613e+02,4.940000e+02,0.000000e+00,3.787603e+02,1.614310e-04,3.776085e+02,2.229972e+01,1.059485e+03,3.255652e+01,-3.359390e+00,3.605559e+01,3.633298e+02,3.828951e+02,3.986324e+02,1.956522e+01,1.573737e+01,3.530258e+01,5.468228e-05,-4.535270e-05,1.000350e-04,1.179000e+03,7.071000e+03,-7.740136e-13,-3.718905e-14,2.645699e-10,1.775376e-07,3.011042e-12,1.735235e-06,3.795733e+00,3.424489e+02,-2.562715e-09,-3.576090e-11,2.465951e-09,2.526954e-09,2.501712e-09,5.028665e-09,8.680624e-01,-6.765265e-01,1.544589e+00,7.067000e+03,7.070000e+03,-8.292516e-06,-4.525895e-09,2.399974e-05,2.895713e-02,3.046395e-03,5.519416e-02,8.564582e-01,4.532107e+01,-1.814234e-02,-1.889408e-04,1.773829e-02,1.795340e-02,1.792723e-02,3.588063e-02,6.569777e+00,-7.267550e+00,1.383733e+01,9.569000e+03,9.565000e+03,-4.684977e-04,-4.691495e-07,2.878884e-03,5.607275e-01,6.256423e-01,7.909779e-01,-3.309919e-01,9.015768e+00,-4.066346e-01,-3.997856e-03,4.136516e-01,4.026367e-01,4.176494e-01,8.202862e-01,6.462194e+00,-5.685093e+00,1.214729e+01,1.370300e+04,8.756000e+03,-3.391420e-04,4.069130e-07,-3.242466e-03,7.308183e-01,9.655226e-01,9.826115e-01,1.525162e-01,5.839781e+00,-5.623665e-01,-7.964278e-03,5.648508e-01,5.544022e-01,5.728151e-01,1.127217e+00,5.957242e+00,-7.441139e+00,1.339838e+01,1.158000e+03,5.139000e+03,4.045345e-04,6.003913e-08,-2.384470e-05,9.031570e-01,1.367636e+00,1.169460e+00,1.883121e-02,4.030978e+00,-7.327772e-01,-7.288766e-03,7.227348e-01,7.254885e-01,7.300236e-01,1.455512e+00,7.281831e+00,-7.588752e+00,1.487058e+01,7.051000e+03,4.752000e+03,-5.915557e-04,1.279914e-08,-6.828776e-04,1.088468e+00,1.986750e+00,1.409521e+00,1.896149e-02,4.118289e+00,-8.909932e-01,1.289069e-02,8.726569e-01,9.038839e-01,8.597662e-01,1.763650e+00,8.733423e+00,-7.607696e+00,1.634112e+01,1.079600e+04,1.096400e+04,-8.105254e-05,-1.345267e-07,8.787952e-04,1.238518e+00,2.537534e+00,1.592964e+00,1.094422e-01,3.955130e+00,-1.029191e+00,-2.912617e-03,9.976888e-01,1.026278e+00,1.000601e+00,2.026879e+00,8.800151e+00,-1.156583e+01,2.036598e+01,6.768000e+03,6.764000e+03,-1.099224e-03,2.102453e-07,-2.599324e-03,1.343350e+00,2.996454e+00,1.731027e+00,-1.311913e-01,4.101624e+00,-1.079417e+00,5.216015e-03,1.120811e+00,1.084633e+00,1.115595e+00,2.200228e+00,1.058597e+01,-8.260683e+00,1.884665e+01,6.461000e+03,5.711000e+03,5.147894e-04,-1.873436e-07,1.851486e-03,1.454332e+00,3.389223e+00,1.840984e+00,5.780227e-02,3.445726e+00,-1.218326e+00,-5.463123e-04,1.198514e+00,1.217780e+00,1.199060e+00,2.416840e+00,7.941791e+00,-1.094354e+01,1.888533e+01,1.370500e+04,3.922000e+03,-8.000924e-04,-1.662575e-07,3.861545e-04,1.477425e+00,3.514501e+00,1.874700e+00,-4.163139e-02,3.409524e+00,-1.235781e+00,1.887131e-02,1.229706e+00,1.254653e+00,1.210835e+00,2.465488e+00,8.927326e+00,-8.584532e+00,1.751186e+01,5.995000e+03,1.820000e+02,-1.082731e-05,1.730028e-07,-1.245202e-03,1.434997e+00,3.283110e+00,1.811936e+00,-2.689639e-02,3.294836e+00,-1.204283e+00,4.808426e-03,1.212155e+00,1.209092e+00,1.207346e+00,2.416438e+00,7.774832e+00,-8.531046e+00,1.630588e+01,1.394800e+04,5.138000e+03,4.862656e-04,3.549848e-07,-2.046551e-03,1.458346e+00,3.370581e+00,1.835915e+00,-1.224331e-02,3.152747e+00,-1.236203e+00,2.868748e-03,1.231640e+00,1.239072e+00,1.228771e+00,2.467843e+00,7.409556e+00,-8.376515e+00,1.578607e+01,9.375000e+03,1.298000e+03,-4.283911e-05,-5.351479e-07,3.775442e-03,1.471877e+00,3.459193e+00,1.859892e+00,-1.417415e-02,3.227997e+00,-1.225384e+00,6.895280e-03,1.221816e+00,1.232280e+00,1.214920e+00,2.447200e+00,8.652413e+00,-6.887502e+00,1.553992e+01,5.424000e+03,1.930000e+02,3.116264e-04,3.361519e-07,-2.086818e-03,1.415516e+00,3.176704e+00,1.782331e+00,5.171302e-02,3.215358e+00,-1.205764e+00,-2.695465e-03,1.195145e+00,1.203068e+00,1.197840e+00,2.400908e+00,1.278817e-01,-8.969895e-02,2.175807e-01,1.290000e+03,9.569000e+03,7.025854e-06,5.583227e-09,-3.281047e-05,6.901417e-03,1.210288e-04,1.100133e-02,3.868062e-01,1.625334e+01,-4.370893e-03,5.428400e-05,4.394220e-03,4.425177e-03,4.339936e-03,8.765113e-03,1.713933e-01,-1.176089e-01,2.890022e-01,1.401100e+04,1.033100e+04,-5.342522e-06,7.007261e-09,-5.533933e-05,7.940944e-03,1.687765e-04,1.299143e-02,4.244093e-01,1.864102e+01,-4.959437e-03,3.858209e-05,5.023512e-03,4.998019e-03,4.984930e-03,9.982949e-03,1.298679e-01,-9.025247e-02,2.201204e-01,2.253000e+03,4.189000e+03,-3.006973e-06,5.392192e-09,-4.148027e-05,8.771282e-03,1.899409e-04,1.378192e-02,1.589108e-01,1.067777e+01,-5.292514e-03,1.985729e-04,5.480337e-03,5.491087e-03,5.281764e-03,1.077285e-02,8.509696e-02,-8.780849e-02,1.729054e-01,3.318000e+03,5.368000e+03,-4.072508e-06,-1.961726e-09,9.924406e-06,7.392718e-03,1.212108e-04,1.100958e-02,-3.208148e-01,9.190982e+00,-4.847622e-03,2.170324e-04,5.210304e-03,5.064655e-03,4.993272e-03,1.005793e-02,8.003731e-02,-1.081174e-01,1.881547e-01,1.366500e+04,9.565000e+03,-4.438147e-06,-6.973911e-09,4.532071e-05,6.912251e-03,1.126887e-04,1.061553e-02,-4.719955e-01,1.107775e+01,-4.291451e-03,1.829267e-04,4.627728e-03,4.474378e-03,4.444802e-03,8.919179e-03,6.621398e-02,-7.135151e-02,1.375655e-01,9.550000e+03,9.546000e+03,2.576313e-07,-8.083086e-09,5.793045e-05,6.614178e-03,9.915913e-05,9.957924e-03,-2.774307e-01,9.043956e+00,-4.298878e-03,1.197338e-04,4.473304e-03,4.418612e-03,4.353571e-03,8.772182e-03,8.238463e-02,-9.374406e-02,1.761287e-01,9.600000e+02,7.608000e+03,-2.600798e-07,-5.854547e-09,4.151211e-05,6.483010e-03,1.024366e-04,1.012112e-02,-2.849321e-01,1.113879e+01,-4.095947e-03,4.968643e-05,4.151153e-03,4.145634e-03,4.101467e-03,8.247101e-03,8.522806e-02,-8.720138e-02,1.724294e-01,8.757000e+03,9.565000e+03,7.288977e-07,-2.959973e-09,2.184830e-05,5.309227e-03,7.447892e-05,8.630126e-03,-3.852285e-01,1.720993e+01,-3.418493e-03,4.601478e-06,3.502536e-03,3.423095e-03,3.497934e-03,6.921029e-03,3.463282e-02,-2.858870e-02,6.322152e-02,8.747000e+03,1.294000e+03,8.661066e-07,7.334077e-10,-4.366757e-06,2.697096e-03,1.480107e-05,3.847218e-03,1.377038e-01,8.999621e+00,-1.964340e-03,0.000000e+00,1.964339e-03,1.964340e-03,1.964339e-03,3.928679e-03,2.227680e-01,-2.340245e-01,4.567925e-01,7.388000e+03,7.380000e+03,3.094294e-07,8.570427e-09,-6.084057e-05,3.018473e-02,1.719642e-03,4.146858e-02,7.140298e-02,5.661246e+00,-2.253071e-02,-1.934171e-04,2.242937e-02,2.233729e-02,2.262279e-02,4.496008e-02,1.244261e+02,-1.247370e+02,2.491631e+02,4.090000e+02,4.130000e+02,6.215887e-03,-5.475097e-07,1.012237e-02,1.515657e+01,1.037556e+03,3.221111e+01,3.798078e-03,6.725084e+00,0.000000e+00,0.000000e+00,0.000000e+00,0.000000e+00,0.000000e+00,0.000000e+00,5.148658e+01,-2.146077e+01,7.294736e+01,2.700000e+01,7.140000e+03,2.759578e-02,-1.071488e-05,1.040464e-01,1.062401e+00,7.633715e+00,2.763270e+00,1.167133e+00,3.526625e+01,0.000000e+00,0.000000e+00,0.000000e+00,0.000000e+00,0.000000e+00,0.000000e+00,unassigned
'unknown',1.029561e+00,7.738137e-01,6.539567e-02,3.520927e-01,3.740229e-01,4.424406e-01,2.193022e-02,6.841764e-02,9.034786e-02,3.206032e-01,8.703860e-01,5.497828e-01,1.134484e-01,2.565810e+00,1.162108e+01,2.540357e+00,3.940000e+00,1.420000e+00,6.563425e-01,1.050676e-01,1.682204e-02,1.682204e-03,7.009182e-04,4.879434e-01,5.046617e-01,6.534054e-04,-1.405016e+00,3.389690e-01,5.009600e-01,-6.424280e-01,2.098405e-01,1.866724e+00,3.754118e-01,2.777739e-01,9.314462e-01,9.827843e-01,1.041031e+00,5.133808e-02,5.824625e-02,1.095843e-01,7.275883e-01,1.620360e+00,8.927714e-01,1.636357e-01,2.164292e+00,1.123188e+01,1.847403e+00,3.490000e+00,1.420000e+00,4.073716e-01,2.067008e-01,1.843415e-02,1.822387e-03,3.504591e-04,5.037151e-01,5.267438e-01,6.430449e-04,-2.007058e+00,1.244449e+00,7.122661e-02,-4.523389e-01,1.445044e-01,7.998126e-01,8.263826e-02,3.447116e-01,5.777448e-03,6.656544e-03,9.059655e-03,8.790954e-04,2.403111e-03,3.282206e-03,4.645667e-03,2.307738e-01,2.261281e-01,4.326873e-02,8.454928e+00,9.280349e+01,1.569555e+01,6.653000e+01,2.240000e+00,2.165599e+01,1.205579e-02,3.434499e-03,4.906427e-04,3.504591e-04,4.957942e-01,5.139853e-01,2.889111e-05,-2.151274e+00,1.933334e+00,-8.725289e-01,3.898294e-02,6.813702e-02,1.854371e-01,6.132333e-01,4.250368e-01,3.111615e-02,3.917864e-02,4.736710e-02,8.062486e-03,8.188460e-03,1.625095e-02,1.133787e-03,1.061980e-01,1.050643e-01,2.038294e-02,8.606972e-01,5.932243e+00,1.852727e+00,3.400000e+00,1.420000e+00,5.102091e-01,2.648770e-01,2.165837e-02,7.710100e-04,2.803673e-04,4.878032e-01,4.916229e-01,3.895629e-06,-1.819562e+00,7.831856e-01,2.146993e-01,-1.508489e-01,-2.457388e-02,4.328606e-01,3.752015e-01,3.754819e-01,-5.921990e-03,-3.609866e-04,5.160528e-03,5.561003e-03,5.521515e-03,1.108252e-02,-5.890426e-02,6.568395e-02,1.245882e-01,1.845500e-02,7.850972e-01,2.035006e+01,1.748125e+01,5.717000e+01,1.840000e+00,1.854548e+01,9.983879e-01,1.564449e-01,2.032663e-03,1.401836e-04,5.208187e-01,4.993340e-01,3.855061e-05,-1.713415e+00,1.150638e+00,1.048451e-01,-6.131838e-01,3.243515e-01,7.311112e-01,3.752716e-01,3.755520e-01,-1.086088e-02,1.598477e-04,1.074558e-02,1.102072e-02,1.058573e-02,2.160645e-02,-1.058628e-01,1.106318e-01,2.164946e-01,3.347444e-02,1.700194e-01,1.738382e+01,1.075692e+01,2.849000e+01,1.530000e+00,8.292986e+00,9.988084e-01,7.236279e-01,3.084040e-03,1.401836e-04,5.321043e-01,4.993340e-01,1.514242e-05,-2.958891e+00,4.103075e+00,-3.208622e+00,1.390862e+00,-2.475880e-01,2.521026e-01,4.951286e-01,4.954090e-01,-2.770780e-04,-8.623721e-06,2.472894e-04,2.684542e-04,2.559131e-04,5.243673e-04,-1.720611e-02,1.760641e-02,3.481252e-02,6.819024e-03,2.056795e+00,1.170262e+02,1.967857e+01,6.641000e+01,2.920000e+00,2.301774e+01,9.974767e-01,9.812855e-03,9.111937e-04,2.102755e-04,5.325249e-01,5.038205e-01,1.824460e-06,-2.428848e+00,2.837275e+00,-1.757578e+00,4.930577e-01,1.651585e-02,4.275636e-02,6.129529e-01,6.135137e-01,-1.234568e-03,0.000000e+00,1.234568e-03,1.234568e-03,1.234568e-03,2.469136e-03,-7.458554e-03,7.315192e-03,1.477375e-02,2.599422e-03,1.892587e-01,1.005458e+01,2.980208e+00,1.079000e+01,1.430000e+00,1.677654e+00,9.740660e-01,2.221911e-02,6.308264e-04,2.102755e-04,5.116361e-01,4.972310e-01,1.826918e-07,-2.169946e+00,1.707162e+00,-3.057491e-01,-2.802898e-01,1.407176e-01,1.271658e+00,9.605494e-01,1.043375e-01,1.112989e-01,1.273150e-01,1.456053e-01,1.601607e-02,1.829031e-02,3.430638e-02,5.661538e-02,4.413425e-01,3.847272e-01,6.715718e-02,5.937762e+00,5.979774e+01,5.645600e+00,3.446000e+01,1.610000e+00,7.103085e+00,1.744797e-02,2.452526e-03,4.204330e-04,1.401443e-04,4.978977e-01,5.106875e-01,4.671066e-05,-2.525223e+00,2.454370e+00,-9.552674e-01,-1.058160e-01,1.363384e-01,1.460865e+00,1.013944e-01,1.040572e-01,2.422606e-01,2.698446e-01,2.996034e-01,2.758400e-02,2.975881e-02,5.734281e-02,1.661738e-01,5.839574e-01,4.177836e-01,7.750630e-02,4.630960e+00,4.349371e+01,3.387381e+00,1.416000e+01,1.420000e+00,2.906992e+00,3.139234e-02,3.783897e-03,4.905052e-04,1.401443e-04,5.042046e-01,5.157334e-01,1.649410e-04,-2.331694e+00,2.074259e+00,-6.565538e-01,-2.216093e-01,1.384184e-01,1.470390e+00,8.252400e-01,1.040572e-01,3.788156e-01,4.179163e-01,4.616069e-01,3.910071e-02,4.369062e-02,8.279133e-02,2.828215e-01,7.177814e-01,4.349599e-01,8.307631e-02,2.748120e+00,2.445816e+01,2.121492e+00,4.410000e+00,1.420000e+00,6.681726e-01,7.280499e-02,2.382454e-03,6.306496e-04,2.102165e-04,4.992292e-01,5.145420e-01,2.768831e-04,-2.197916e+00,1.735035e+00,-2.856683e-01,-4.323921e-01,1.827696e-01,1.064878e+00,9.753346e-01,1.040572e-01,5.062029e-01,5.542647e-01,6.067799e-01,4.806179e-02,5.251521e-02,1.005770e-01,3.904704e-01,8.544067e-01,4.639363e-01,8.854669e-02,1.333322e+00,8.703800e+00,1.470722e+00,1.710000e+00,1.420000e+00,5.048727e-02,5.208465e-01,1.450494e-02,1.611660e-03,2.102165e-04,5.038542e-01,5.100568e-01,4.237718e-04,-2.124904e+00,1.617942e+00,-2.419863e-01,-4.167739e-01,1.671915e-01,1.677476e+00,9.753346e-01,1.045477e-01,6.107233e-01,6.697273e-01,7.325126e-01,5.900407e-02,6.278527e-02,1.217893e-01,4.748491e-01,1.042255e+00,5.674058e-01,1.082302e-01,1.561623e+00,1.160690e+01,1.800759e+00,2.940000e+00,1.420000e+00,3.481516e-01,8.962231e-02,2.172237e-03,1.401443e-04,1.401443e-04,4.983882e-01,5.134207e-01,6.217632e-04,-2.162748e+00,1.722010e+00,-3.721987e-01,-3.272339e-01,1.416826e-01,1.660309e+00,9.753346e-01,7.696027e-01,7.064980e-01,7.649108e-01,8.284718e-01,5.841273e-02,6.356108e-02,1.219738e-01,5.671276e-01,1.127909e+00,5.607811e-01,1.085422e-01,1.735103e+00,1.317368e+01,1.560989e+00,2.040000e+00,1.420000e+00,1.336557e-01,2.276645e-01,5.045197e-03,4.905052e-04,1.401443e-04,5.019622e-01,5.103371e-01,6.767354e-04,-2.102590e+00,1.547716e+00,-1.546637e-01,-4.712325e-01,1.820129e-01,1.327826e+00,8.198445e-03,9.560648e-01,7.785379e-01,8.499278e-01,9.257883e-01,7.138997e-02,7.586044e-02,1.472504e-01,6.160896e-01,1.155834e+00,5.397447e-01,1.164636e-01,7.627359e-01,6.060595e+00,1.486042e+00,1.790000e+00,1.420000e+00,6.895772e-02,5.490155e-01,8.899166e-03,1.191227e-03,2.102165e-04,5.011212e-01,5.097064e-01,8.838890e-04,-2.080905e+00,1.530198e+00,-1.699020e-01,-4.449416e-01,1.667970e-01,1.628265e+00,8.726789e-01,8.739402e-01,8.429275e-01,9.181893e-01,9.980544e-01,7.526183e-02,7.986510e-02,1.551269e-01,6.685826e-01,1.324746e+00,6.561630e-01,1.304854e-01,1.240839e+00,8.968381e+00,1.492396e+00,1.890000e+00,1.420000e+00,8.477597e-02,6.518114e-01,1.317357e-02,1.471516e-03,5.605774e-04,4.966363e-01,5.101969e-01,8.446563e-04,-2.075330e+00,1.460780e+00,-2.418289e-02,-5.939636e-01,2.338082e-01,2.760987e+00,7.733165e-01,4.029150e-02,8.963928e-01,9.792542e-01,1.067757e+00,8.286142e-02,8.850318e-02,1.713646e-01,6.552127e-01,1.610564e+00,9.553514e-01,1.761606e-01,2.081940e+00,1.596731e+01,1.629318e+00,3.050000e+00,1.420000e+00,2.554933e-01,1.619368e-01,3.363464e-03,4.204330e-04,2.802887e-04,5.030133e-01,5.130002e-01,1.007021e-03,-2.151638e+00,1.668206e+00,-2.947945e-01,-4.059265e-01,1.853907e-01,3.322564e+00,7.733165e-01,6.562259e-01,9.520841e-01,1.037622e+00,1.133726e+00,8.553767e-02,9.610415e-02,1.816418e-01,6.695177e-01,1.807213e+00,1.137696e+00,2.051717e-01,2.500967e+00,1.987478e+01,2.188615e+00,3.410000e+00,1.420000e+00,6.031478e-01,9.109382e-02,2.732815e-03,5.605774e-04,2.102165e-04,4.988788e-01,5.084449e-01,1.161256e-03,-2.154310e+00,1.644541e+00,-2.400004e-01,-4.582627e-01,2.093682e-01,3.811963e+00,7.677107e-01,6.562259e-01,1.008194e+00,1.096812e+00,1.195713e+00,8.861828e-02,9.890103e-02,1.875193e-01,7.349217e-01,1.817741e+00,1.082819e+00,2.044182e-01,3.137050e+00,3.302696e+01,3.027447e+00,9.880000e+00,1.420000e+00,1.670648e+00,3.755869e-02,1.681732e-03,4.905052e-04,2.802887e-04,5.004905e-01,5.178359e-01,1.322828e-03,-2.190941e+00,1.743912e+00,-3.663278e-01,-3.561041e-01,1.708322e-01,4.427166e+00,7.677107e-01,4.031953e-01,1.069548e+00,1.154775e+00,1.245472e+00,8.522737e-02,9.069693e-02,1.759243e-01,7.769559e-01,1.941548e+00,1.164592e+00,2.094691e-01,3.381995e+00,3.723830e+01,3.470244e+00,1.754000e+01,1.440000e+00,3.016922e+00,3.377479e-02,8.408661e-04,4.905052e-04,2.102165e-04,5.004905e-01,5.153129e-01,1.508702e-03,-2.203867e+00,1.744743e+00,-3.271405e-01,-3.940766e-01,1.817939e-01,2.561389e+00,8.124168e-01,7.763296e-01,1.114810e+00,1.209254e+00,1.310779e+00,9.444344e-02,1.015257e-01,1.959691e-01,8.355120e-01,2.044931e+00,1.209419e+00,2.137927e-01,2.016903e+00,1.201032e+01,1.526667e+00,1.890000e+00,1.420000e+00,1.114550e-01,2.772756e-01,1.576624e-02,1.611660e-03,4.204330e-04,4.985284e-01,5.151027e-01,1.649546e-03,-2.164109e+00,1.648563e+00,-2.352171e-01,-4.359278e-01,1.880874e-01,3.524903e+00,1.536683e-01,8.149394e-01,1.151981e+00,1.255660e+00,1.366033e+00,1.036788e-01,1.103734e-01,2.140522e-01,7.738206e-01,2.677086e+00,1.903265e+00,3.135117e-01,2.782243e+00,1.542066e+01,1.693452e+00,2.600000e+00,1.420000e+00,2.880000e-01,1.730082e-01,2.130194e-02,3.013104e-03,3.503609e-04,5.063069e-01,5.242133e-01,1.938587e-03,-2.287287e+00,1.951817e+00,-5.751833e-01,-2.282364e-01,1.405763e-01,4.386644e+00,9.575363e-01,3.603812e-01,1.195343e+00,1.308380e+00,1.427276e+00,1.130371e-01,1.188962e-01,2.319334e-01,8.099614e-01,2.857450e+00,2.047489e+00,3.434144e-01,3.107051e+00,1.917578e+01,1.896800e+00,3.380000e+00,1.420000e+00,4.251718e-01,1.376918e-01,1.436480e-02,1.541588e-03,5.605774e-04,4.952348e-01,5.177658e-01,2.107877e-03,-2.200212e+00,1.664509e+00,-1.771592e-01,-5.268401e-01,2.414646e-01,5.373911e+00,2.750333e-01,3.603812e-01,1.247484e+00,1.357695e+00,1.477053e+00,1.102110e-01,1.193585e-01,2.295696e-01,8.690305e-01,2.727242e+00,1.858211e+00,3.250160e-01,2.983721e+00,2.042430e+01,2.371000e+00,3.890000e+00,1.420000e+00,6.800802e-01,7.904141e-02,4.554691e-03,3.503609e-04,2.102165e-04,5.100210e-01,5.168547e-01,2.216805e-03,-2.180317e+00,1.648161e+00,-2.221638e-01,-4.385822e-01,1.944984e-01,4.456839e+00,2.749632e-01,5.404667e-01,1.296746e+00,1.401560e+00,1.522084e+00,1.048142e-01,1.205245e-01,2.253387e-01,8.929396e-01,2.674403e+00,1.781463e+00,3.035494e-01,2.461776e+00,1.526868e+01,2.233594e+00,4.010000e+00,1.420000e+00,6.475248e-01,1.083316e-01,7.077290e-03,2.802887e-04,2.102165e-04,5.045550e-01,5.217605e-01,2.299552e-03,-2.128247e+00,1.533468e+00,-1.148619e-01,-4.863672e-01,1.974529e-01,4.577208e+00,5.639409e-01,2.776960e-01,1.314186e+00,1.430645e+00,1.560732e+00,1.164587e-01,1.300874e-01,2.465460e-01,8.652537e-01,2.894543e+00,2.029289e+00,3.515985e-01,2.667817e+00,1.677493e+01,1.948630e+00,3.520000e+00,1.420000e+00,4.971820e-01,1.489034e-01,1.184220e-02,1.681732e-03,3.503609e-04,5.040645e-01,5.237228e-01,2.451724e-03,-2.137151e+00,1.525694e+00,-1.032841e-01,-4.767889e-01,1.930899e-01,5.473354e+00,5.640109e-01,5.804779e-01,1.304685e+00,1.435858e+00,1.581740e+00,1.311725e-01,1.458825e-01,2.770550e-01,7.591360e-01,3.388766e+00,2.629630e+00,4.498872e-01,2.878259e+00,1.710471e+01,2.123134e+00,3.760000e+00,1.430000e+00,6.241871e-01,1.396538e-01,1.457501e-02,1.962021e-03,3.503609e-04,5.045550e-01,5.237929e-01,2.542542e-03,-2.284359e+00,1.839391e+00,-3.410751e-01,-4.252484e-01,2.132233e-01,5.347885e+00,1.757410e-01,5.203559e-01,1.281461e+00,1.410670e+00,1.559367e+00,1.292093e-01,1.486975e-01,2.779068e-01,7.731687e-01,3.169538e+00,2.396369e+00,4.248103e-01,2.803425e+00,1.745414e+01,2.294677e+00,3.830000e+00,1.470000e+00,6.375146e-01,1.153388e-01,1.016047e-02,1.471516e-03,3.503609e-04,5.042747e-01,5.272269e-01,2.628298e-03,-2.240710e+00,1.737065e+00,-2.681390e-01,-4.185293e-01,1.922577e-01,5.413449e+00,1.757410e-01,2.777661e-01,1.207761e+00,1.338359e+00,1.495680e+00,1.305989e-01,1.573206e-01,2.879195e-01,7.202245e-01,2.996510e+00,2.276285e+00,4.185377e-01,2.955374e+00,1.993674e+01,2.332295e+00,3.570000e+00,1.470000e+00,6.280529e-01,9.803097e-02,7.918156e-03,1.611660e-03,4.905052e-04,5.084794e-01,5.265260e-01,2.427516e-03,-2.324308e+00,1.984605e+00,-5.506300e-01,-2.732575e-01,1.656526e-01,6.168868e+00,1.757410e-01,3.603812e-01,1.085252e+00,1.209533e+00,1.352947e+00,1.242809e-01,1.434134e-01,2.676944e-01,6.640574e-01,2.858241e+00,2.194183e+00,4.105196e-01,3.169144e+00,2.183630e+01,2.540536e+00,4.830000e+00,1.430000e+00,7.252400e-01,6.257445e-02,4.624764e-03,5.605774e-04,2.102165e-04,5.061668e-01,5.279977e-01,2.344020e-03,-2.338619e+00,2.011046e+00,-5.563318e-01,-2.849370e-01,1.712357e-01,5.381403e+00,6.703805e-01,2.778362e-01,9.565039e-01,1.048789e+00,1.159787e+00,9.228462e-02,1.109989e-01,2.032835e-01,6.206383e-01,2.323478e+00,1.702840e+00,3.221179e-01,4.076840e+00,3.618800e+01,2.800392e+00,6.480000e+00,1.460000e+00,9.334900e-01,3.769883e-02,2.732815e-03,8.408661e-04,4.204330e-04,5.094604e-01,5.310113e-01,1.798248e-03,-2.337608e+00,2.001724e+00,-5.281122e-01,-3.102140e-01,1.766662e-01,4.755755e+00,6.132016e-01,7.763997e-01,8.085570e-01,8.822657e-01,9.661057e-01,7.370871e-02,8.383995e-02,1.575487e-01,5.624946e-01,1.799289e+00,1.236795e+00,2.439090e-01,5.118296e+00,5.833220e+01,3.860000e+00,1.156000e+01,1.470000e+00,1.956494e+00,2.011071e-02,2.032093e-03,7.007218e-04,4.905052e-04,5.070077e-01,5.282781e-01,1.156629e-03,-2.342136e+00,2.023178e+00,-5.544338e-01,-2.939821e-01,1.695975e-01,3.622885e+00,6.703805e-01,2.774858e-01,6.678129e-01,7.231359e-01,7.883756e-01,5.532300e-02,6.523973e-02,1.205627e-01,4.800472e-01,1.355459e+00,8.754119e-01,1.658017e-01,3.670882e+00,3.773054e+01,3.966944e+00,1.441000e+01,1.510000e+00,2.275457e+00,1.751804e-02,7.707939e-04,2.102165e-04,1.401443e-04,5.146461e-01,5.259654e-01,6.030308e-04,-2.275399e+00,1.878646e+00,-4.471254e-01,-3.141345e-01,1.596229e-01,2.208414e+00,6.132016e-01,5.930909e-01,5.418242e-01,5.841829e-01,6.365842e-01,4.235870e-02,5.240130e-02,9.476000e-02,3.930994e-01,1.105531e+00,7.124320e-01,1.295624e-01,3.415155e+00,2.946576e+01,2.736154e+00,8.940000e+00,1.420000e+00,1.508996e+00,4.281410e-02,2.172237e-03,6.306496e-04,3.503609e-04,5.110722e-01,5.267363e-01,4.129722e-04,-2.234942e+00,1.779519e+00,-3.502335e-01,-3.616314e-01,1.689255e-01,2.688283e-01,1.019550e-01,6.567865e-01,2.808063e-03,3.540869e-03,4.561376e-03,7.328063e-04,1.020507e-03,1.753313e-03,1.575842e-03,3.440302e-02,3.282718e-02,8.653853e-03,1.486747e+01,3.210141e+02,1.398600e+01,4.263000e+01,1.970000e+00,1.434571e+01,3.013104e-03,9.810105e-04,3.503609e-04,1.401443e-04,4.953048e-01,5.041699e-01,1.471623e-05,-1.274779e+00,2.816688e-01,5.593488e-01,-6.081423e-01,1.443720e-01,2.659240e-01,7.677107e-01,4.902249e-01,9.744652e-04,1.206722e-03,2.045295e-03,2.322569e-04,8.385726e-04,1.070830e-03,6.563021e-04,2.988072e-02,2.922441e-02,7.599150e-03,1.448409e+01,3.446366e+02,3.674333e+01,5.598000e+01,1.860000e+00,2.470974e+01,1.821877e-03,5.605774e-04,2.102165e-04,1.401443e-04,4.937631e-01,5.120891e-01,5.756130e-06,-1.307749e+00,2.810414e-01,4.606444e-01,-6.300634e-01,2.659346e-01,3.215625e+03,5.331091e-01,1.611660e-03,7.177734e+01,1.722656e+02,2.583984e+02,1.004883e+02,8.613281e+01,1.866211e+02,4.306641e+01,7.034180e+02,6.603516e+02,1.523824e+02,4.188821e+00,5.444822e+01,1.173417e+01,2.884000e+01,1.540000e+00,8.375172e+00,3.643753e-03,6.306496e-04,2.102165e-04,2.102165e-04,3.611773e-01,4.038125e-01,4.898789e+03,-1.104018e+00,9.603627e-02,5.111471e-01,-5.343270e-01,6.768932e-02,6.244629e+03,1.526172e-01,2.872959e-03,2.583984e+02,4.019531e+02,5.311523e+02,1.435547e+02,1.291992e+02,2.727539e+02,4.306641e+01,1.550391e+03,1.507324e+03,3.132251e+02,4.507374e+00,5.171030e+01,7.140500e+00,2.574000e+01,1.670000e+00,5.773578e+00,9.389671e-03,1.401444e-03,3.503609e-04,1.401443e-04,4.081289e-01,4.372416e-01,1.616766e+04,-1.253662e+00,2.660679e-01,4.837824e-01,-6.211225e-01,1.559703e-01,7.536621e+03,1.526172e-01,8.759022e-03,5.742188e+02,6.890625e+02,7.895508e+02,1.148438e+02,1.004883e+02,2.153320e+02,4.306641e+01,3.359180e+03,3.316113e+03,5.616744e+02,3.727617e+00,2.619182e+01,3.570000e+00,8.740000e+00,1.450000e+00,1.925730e+00,3.545652e-02,4.905052e-03,7.707939e-04,2.802887e-04,4.159776e-01,4.506272e-01,3.895710e+04,-1.302445e+00,3.086799e-01,4.702872e-01,-6.461996e-01,1.951978e-01,9.776074e+03,6.892299e-01,9.810104e-03,8.756836e+02,1.047949e+03,1.277637e+03,1.722656e+02,2.296875e+02,4.019531e+02,5.742188e+01,4.536328e+03,4.478906e+03,8.760075e+02,2.855763e+00,1.640480e+01,2.643148e+00,6.360000e+00,1.420000e+00,1.065555e+00,7.483708e-02,5.815990e-03,1.541588e-03,6.306496e-04,4.604765e-01,4.745252e-01,8.435720e+04,-1.340673e+00,3.427420e-01,4.722772e-01,-6.389587e-01,1.863322e-01,9.262800e+00,8.282531e-02,0.000000e+00,6.216101e-02,7.231471e-02,9.358180e-02,1.015370e-02,2.126709e-02,3.142078e-02,4.772655e-02,1.700971e+00,1.653244e+00,3.638977e-01,1.070373e+01,1.542766e+02,2.755400e+01,6.653000e+01,2.880000e+00,2.357415e+01,6.656857e-03,1.471516e-03,2.102165e-04,7.007217e-05,4.968465e-01,5.066928e-01,9.363255e-03,-1.294397e+00,2.190173e-01,6.057911e-01,-7.071971e-01,2.156890e-01,5.260369e+03,5.331792e-01,4.955504e-01,4.611685e+02,5.750981e+02,6.976394e+02,1.139296e+02,1.225413e+02,2.364709e+02,5.154482e+01,1.967176e+03,1.915632e+03,3.634326e+02,2.664295e+00,2.018995e+01,3.482927e+00,1.229000e+01,1.450000e+00,2.209996e+00,3.720833e-02,2.872959e-03,3.503609e-04,2.802887e-04,5.016118e-01,5.036092e-01,1.332030e+04,-1.358167e+00,3.683727e-01,4.558176e-01,-6.427802e-01,1.919344e-01,6.380787e+00,6.703104e-01,9.868965e-01,3.831768e+00,4.274364e+00,4.563835e+00,4.425964e-01,2.894711e-01,7.320676e-01,4.477783e-01,5.656281e+00,5.208502e+00,1.161457e+00,-1.620026e+00,5.054212e+00,2.077536e+00,5.350000e+00,1.420000e+00,7.667140e-01,9.053325e-01,8.249597e-01,8.303553e-02,2.242310e-03,4.974071e-01,5.010162e-01,6.633754e-02,-1.391874e+00,3.616123e-01,4.796072e-01,-6.560725e-01,2.091663e-01,2.181479e+07,6.893000e-01,8.261509e-02,5.874438e+05,7.588022e+05,1.030472e+06,1.713584e+05,2.716701e+05,4.430285e+05,1.045429e+04,5.982670e+06,5.972216e+06,1.161158e+06,6.195707e+00,6.397840e+01,5.709200e+00,2.376000e+01,1.450000e+00,4.861542e+00,1.142176e-02,2.102165e-03,4.905052e-04,1.401443e-04,5.012614e-01,5.066227e-01,2.266136e+11,-1.336906e+00,3.845458e-01,4.564922e-01,-6.357026e-01,1.931510e-01,2.216509e+02,8.219466e-02,3.524631e-02,7.712852e+00,1.026519e+01,1.171398e+01,2.552336e+00,1.448793e+00,4.001129e+00,1.424735e+00,1.278066e+02,1.263819e+02,1.971346e+01,5.465306e+00,3.641878e+01,6.720952e+00,4.690000e+01,1.450000e+00,1.117472e+01,3.321421e-02,1.415458e-02,2.802887e-03,7.007217e-05,5.024527e-01,5.075338e-01,1.993398e+01,-1.260119e+00,1.295417e-01,5.692804e-01,-5.528394e-01,1.350028e-01,8.523374e+04,8.261509e-02,3.531637e-02,1.025048e+02,1.698531e+02,2.221496e+02,6.734830e+01,5.229642e+01,1.196447e+02,8.118817e+00,2.895780e+04,2.894968e+04,5.001351e+03,8.154651e+00,8.073869e+01,1.176833e+01,5.227000e+01,2.210000e+00,1.595477e+01,1.499545e-02,3.994114e-03,4.905052e-04,2.102165e-04,5.028732e-01,5.134207e-01,3.140674e+06,-8.854818e-01,-2.472278e-01,5.903040e-01,-3.332375e-01,-7.634821e-02,2.352464e+01,6.537734e-02,8.261509e-02,-3.018424e-03,-1.781404e-03,-1.379641e-03,1.237021e-03,4.017631e-04,1.638784e-03,-1.722141e+00,-8.900812e-04,1.721251e+00,6.372663e-01,-1.782930e+01,4.150788e+02,1.783750e+01,4.248000e+01,2.880000e+00,1.482266e+01,9.998599e-01,9.992292e-01,9.971271e-01,9.922920e-01,5.100911e-01,4.940781e-01,4.054582e-02,-1.300254e+00,1.964236e-01,6.529003e-01,-5.173362e-01,2.975466e-02,3.883810e+00,5.331792e-01,4.955504e-01,4.259251e-01,5.292885e-01,6.249201e-01,1.033635e-01,9.563160e-02,1.989951e-01,4.626874e-02,1.339442e+00,1.293174e+00,2.627689e-01,1.835909e+00,1.719705e+01,3.320930e+00,1.230000e+01,1.450000e+00,2.023782e+00,3.776890e-02,2.732815e-03,2.802887e-04,2.802887e-04,4.983181e-01,5.030485e-01,7.250355e-03,-1.339641e+00,3.452027e-01,4.603093e-01,-6.322397e-01,1.777426e-01,5.891469e-01,1.030061e-01,3.099292e-01,2.294886e-03,2.847578e-03,3.794873e-03,5.526918e-04,9.472950e-04,1.499987e-03,1.448234e-03,2.476845e-02,2.332021e-02,1.012629e-02,4.144543e+01,2.297203e+03,1.538000e+01,1.538000e+01,1.538000e+01,0.000000e+00,2.102165e-04,2.102165e-04,2.102165e-04,2.102165e-04,4.961458e-01,5.078842e-01,3.554724e-05,-9.723107e-01,1.892775e-02,5.384307e-01,-4.725049e-01,6.308218e-02,4.173343e+01,8.251699e-01,3.524631e-02,2.067431e+01,2.411137e+01,2.590324e+01,3.437056e+00,1.791878e+00,5.228933e+00,7.070897e+00,2.960685e+01,2.253596e+01,4.815517e+00,-1.401394e+00,5.227400e+00,3.207727e+00,8.809999e+00,1.440000e+00,1.744748e+00,9.878775e-01,8.439493e-01,3.083176e-02,3.503609e-04,4.999299e-01,5.031887e-01,1.142736e+00,-1.377973e+00,2.805819e-01,5.554938e-01,-6.507869e-01,1.940424e-01,5.705497e+01,3.482587e-02,7.677107e-01,-3.914910e+00,-1.609768e+00,1.076101e+00,2.305142e+00,2.685868e+00,4.991011e+00,-1.416391e+01,1.608182e+01,3.024574e+01,5.218194e+00,5.856791e-01,6.120475e+00,5.658000e+00,2.010000e+01,1.470000e+00,4.494339e+00,9.943241e-01,5.328989e-01,2.144209e-02,1.962021e-03,4.935529e-01,5.026982e-01,2.018555e+00,-1.298731e+00,2.636220e-01,5.167586e-01,-6.383973e-01,2.022010e-01,5.681364e+01,8.394647e-01,7.676407e-01,-4.138546e+00,-1.544040e+00,1.870786e+00,2.594506e+00,3.414826e+00,6.009332e+00,-1.329561e+01,2.174313e+01,3.503874e+01,6.477208e+00,1.194304e+00,5.804779e+00,3.722894e+00,9.130000e+00,1.490000e+00,2.012261e+00,9.789083e-01,1.996356e-01,2.564642e-02,2.382454e-03,4.981780e-01,4.977223e-01,3.169681e+00,-1.253003e+00,2.211249e-01,5.163109e-01,-6.085297e-01,1.681734e-01,6.770248e+01,1.027258e-01,5.788662e-01,-8.768534e+00,-5.215825e+00,-1.938562e+00,3.552709e+00,3.277263e+00,6.829971e+00,-2.837154e+01,1.549375e+01,4.386528e+01,7.333908e+00,-3.603023e-01,5.728564e+00,3.714473e+00,1.419000e+01,1.420000e+00,2.494292e+00,9.768762e-01,6.270058e-01,2.200266e-02,2.662743e-03,4.997898e-01,4.967412e-01,4.731112e+00,-1.248197e+00,2.081954e-01,5.175371e-01,-5.968981e-01,1.494810e-01,6.798038e+01,7.756990e-01,4.760703e-01,-2.624258e+00,8.622012e-01,5.881994e+00,3.486459e+00,5.019793e+00,8.506252e+00,-1.046377e+01,2.894346e+01,3.940723e+01,8.016634e+00,1.268963e+00,5.152479e+00,1.672000e+00,3.000000e+00,1.420000e+00,3.123151e-01,8.075818e-01,1.029360e-01,8.268517e-03,2.802887e-04,5.006307e-01,4.959002e-01,6.031916e+00,-1.225543e+00,1.963063e-01,5.067138e-01,-5.816950e-01,1.530216e-01,7.794649e+01,7.679910e-01,3.335435e-01,-2.124646e+00,1.480574e+00,5.445705e+00,3.605220e+00,3.965131e+00,7.570351e+00,-1.638757e+01,2.196932e+01,3.835688e+01,7.049674e+00,1.481398e-01,5.183993e+00,4.277273e+00,1.671000e+01,1.870000e+00,2.988793e+00,9.979679e-01,8.723285e-01,4.673814e-02,1.891949e-03,5.021023e-01,4.991941e-01,7.297087e+00,-1.187123e+00,1.979610e-01,4.922623e-01,-5.738527e-01,1.522140e-01,7.927016e+01,4.752295e-01,7.091304e-02,-1.292093e+00,2.672404e+00,7.377292e+00,3.964497e+00,4.704888e+00,8.669385e+00,-1.280859e+01,2.691807e+01,3.972666e+01,7.945675e+00,9.460814e-01,5.612554e+00,2.453684e+00,5.330000e+00,1.430000e+00,9.969333e-01,9.524910e-01,1.165300e-01,5.535702e-03,9.109383e-04,5.000701e-01,4.968814e-01,8.424126e+00,-1.184880e+00,1.659706e-01,5.189935e-01,-5.682783e-01,1.291050e-01,6.504647e+01,5.594562e-01,6.722724e-01,3.378681e+00,7.737949e+00,1.217864e+01,4.359269e+00,4.440689e+00,8.799957e+00,-1.132820e+01,2.623199e+01,3.756020e+01,7.345559e+00,-3.190180e-02,4.045911e+00,3.326744e+00,9.059999e+00,1.440000e+00,1.637979e+00,9.869666e-01,6.153738e-01,3.342443e-02,1.471516e-03,5.046251e-01,4.991941e-01,9.315961e+00,-1.174292e+00,1.625656e-01,5.056208e-01,-5.689456e-01,1.149923e-01,7.258073e+01,7.688319e-01,7.938477e-01,2.485586e+00,6.854643e+00,1.095883e+01,4.369058e+00,4.104191e+00,8.473249e+00,-1.568333e+01,2.353163e+01,3.921495e+01,7.572444e+00,-5.933634e-01,4.972041e+00,1.963889e+00,4.840000e+00,1.420000e+00,7.345794e-01,9.962161e-01,9.051223e-01,9.943242e-02,3.713825e-03,5.015417e-01,4.999650e-01,8.916099e+00,-1.160221e+00,1.495431e-01,4.993675e-01,-5.618961e-01,1.185433e-01,7.731021e+01,3.598907e-01,7.748581e-01,-6.658314e+00,-2.362461e+00,2.411688e+00,4.295853e+00,4.774149e+00,9.070002e+00,-2.038448e+01,1.771370e+01,3.809818e+01,7.576182e+00,1.709732e-01,3.969640e+00,5.193333e+00,1.352000e+01,1.420000e+00,3.698146e+00,9.925023e-01,4.977227e-01,1.233270e-02,3.503609e-04,4.953749e-01,5.052211e-01,8.668757e+00,-1.160044e+00,1.495409e-01,5.240484e-01,-5.539467e-01,1.207153e-01,6.161521e+01,9.922220e-02,3.699811e-02,-1.714486e+00,2.245509e+00,6.831383e+00,3.959995e+00,4.585874e+00,8.545868e+00,-1.090452e+01,2.304718e+01,3.395170e+01,6.997094e+00,5.960154e-01,3.753623e+00,2.391035e+00,5.090000e+00,1.420000e+00,9.407383e-01,9.604793e-01,2.217084e-01,1.023054e-02,1.401443e-04,5.029432e-01,5.011563e-01,8.762691e+00,-1.160647e+00,1.642115e-01,5.208328e-01,-5.673358e-01,1.302262e-01,6.262648e+01,4.936585e-01,3.778992e-01,-2.994493e+00,8.419681e-01,5.080054e+00,3.836461e+00,4.238086e+00,8.074547e+00,-1.395563e+01,1.830704e+01,3.226267e+01,6.497196e+00,2.214507e-01,3.892217e+00,4.280909e+00,1.375000e+01,1.490000e+00,2.744964e+00,9.922220e-01,5.008059e-01,1.653703e-02,7.707939e-04,4.987386e-01,5.039597e-01,8.330940e+00,-1.144684e+00,1.803766e-01,5.081200e-01,-5.673938e-01,1.412693e-01,5.530230e+01,5.174830e-01,9.339920e-01,5.372841e-02,3.765238e+00,7.510433e+00,3.711509e+00,3.745195e+00,7.456705e+00,-1.440141e+01,1.835769e+01,3.275909e+01,6.261002e+00,-3.035098e-01,4.372990e+00,3.445610e+00,1.431000e+01,1.420000e+00,2.068668e+00,9.815710e-01,6.204891e-01,2.319389e-02,1.681732e-03,5.021023e-01,5.011563e-01,7.307729e+00,-1.156443e+00,1.620902e-01,5.263104e-01,-5.845148e-01,1.287151e-01,4.480727e+01,7.675005e-01,3.671782e-02,8.431730e-01,3.964294e+00,7.225433e+00,3.121121e+00,3.261140e+00,6.382260e+00,-7.628691e+00,1.679414e+01,2.442283e+01,5.009165e+00,1.005343e-01,3.502112e+00,3.418537e+00,9.260000e+00,1.420000e+00,1.568950e+00,9.819915e-01,4.298928e-01,1.359400e-02,4.905052e-04,5.007008e-01,5.012264e-01,5.798869e+00,-1.146978e+00,1.583503e-01,5.065933e-01,-5.518456e-01,1.080604e-01,4.059754e-01,9.603391e-01,9.606895e-01,-5.007102e-03,1.727939e-05,5.110730e-03,5.024381e-03,5.093451e-03,1.011783e-02,-4.138182e-02,3.803068e-02,7.941249e-02,1.445227e-02,1.876574e+00,4.804444e+01,7.065500e+00,4.060000e+01,1.670000e+00,8.953203e+00,9.934132e-01,7.567795e-03,7.707939e-04,2.802887e-04,5.113525e-01,5.026281e-01,2.850623e-06,-2.895211e+00,3.870725e+00,-2.845781e+00,1.117515e+00,-1.606347e-01,5.199894e-01,9.234812e-01,1.016047e-01,-9.471227e-03,2.467245e-04,9.683246e-03,9.717952e-03,9.436522e-03,1.915447e-02,-6.209566e-02,6.275582e-02,1.248515e-01,2.184977e-02,-1.659661e-02,2.416395e+01,1.764375e+01,4.725000e+01,2.990000e+00,1.629828e+01,9.988088e-01,9.400182e-01,3.223320e-03,6.306496e-04,5.178697e-01,5.059219e-01,8.946213e-06,-2.751490e+00,3.582426e+00,-2.545432e+00,9.557118e-01,-1.139965e-01,6.003940e-01,8.250998e-01,4.954103e-01,-1.391463e-02,6.076991e-05,1.401300e-02,1.397540e-02,1.395223e-02,2.792762e-02,-6.602441e-02,6.446016e-02,1.304846e-01,2.571595e-02,2.722716e-03,1.564195e+01,2.332000e+01,5.616000e+01,2.060000e+00,2.103014e+01,9.986686e-01,1.461005e-01,7.007218e-04,1.401443e-04,5.138752e-01,5.030485e-01,1.487796e-05,-2.598706e+00,3.167220e+00,-1.996555e+00,5.732611e-01,1.456097e-02,4.344194e-01,3.752365e-01,3.755168e-01,-1.745141e-02,3.410995e-04,1.730234e-02,1.779250e-02,1.696124e-02,3.475375e-02,-7.384253e-02,7.349427e-02,1.473368e-01,2.899287e-02,-6.465965e-02,6.039916e+00,1.398600e+01,2.850000e+01,3.560000e+00,8.536103e+00,9.971971e-01,5.002453e-01,1.751804e-03,2.802887e-04,5.100210e-01,5.006658e-01,2.246404e-05,-2.505435e+00,2.956807e+00,-1.763481e+00,4.318806e-01,6.212596e-02,7.698785e-01,9.751945e-01,9.754747e-01,-2.117899e-02,2.272427e-04,2.098011e-02,2.140623e-02,2.075287e-02,4.215910e-02,-9.114235e-02,8.780630e-02,1.789486e-01,3.590588e-02,7.332891e-02,9.287867e+00,4.662000e+01,5.426000e+01,3.638000e+01,7.527443e+00,9.991592e-01,2.172237e-01,3.503609e-04,1.401443e-04,5.155571e-01,5.031887e-01,3.245466e-05,-2.546687e+00,3.065991e+00,-1.903476e+00,5.263998e-01,3.232019e-02,6.750580e-01,9.751244e-01,9.754747e-01,-2.186691e-02,1.375437e-04,2.161738e-02,2.200446e-02,2.147984e-02,4.348430e-02,-9.251013e-02,8.826895e-02,1.807791e-01,3.615946e-02,3.232036e-02,7.648446e+00,1.398600e+01,3.574000e+01,1.860000e+00,1.088010e+01,9.978979e-01,2.152617e-01,6.306496e-04,1.401443e-04,5.120533e-01,4.995445e-01,3.217444e-05,-2.551502e+00,3.083551e+00,-1.922987e+00,5.351120e-01,3.393215e-02,4.902858e-01,8.058300e-03,8.338588e-03,-2.610224e-02,2.911687e-04,2.594678e-02,2.639341e-02,2.565562e-02,5.204903e-02,-9.521663e-02,9.466681e-02,1.898834e-01,4.035332e-02,-7.301408e-02,4.030132e+00,9.990714e+00,3.165000e+01,1.840000e+00,9.017203e+00,9.971971e-01,5.498564e-01,3.083176e-03,2.102165e-04,5.056763e-01,4.975121e-01,4.335176e-05,-2.500906e+00,2.976790e+00,-1.803580e+00,4.655710e-01,5.671164e-02,4.213439e-01,8.212459e-01,7.939878e-01,-2.570950e-02,-3.869593e-04,2.511746e-02,2.532255e-02,2.550442e-02,5.082697e-02,-9.537809e-02,9.373604e-02,1.891141e-01,3.960383e-02,3.022244e-02,4.060932e+00,5.029643e+00,1.084000e+01,1.830000e+00,2.700336e+00,9.906804e-01,4.166492e-01,4.064186e-03,5.605774e-04,5.106517e-01,5.012264e-01,4.238272e-05,-2.526137e+00,3.024502e+00,-1.868807e+00,5.082135e-01,3.776389e-02,6.171132e-01,7.674304e-01,3.562469e-01,-2.602030e-02,6.175220e-04,2.630591e-02,2.663783e-02,2.568838e-02,5.232621e-02,-1.194054e-01,1.112003e-01,2.306057e-01,4.466847e-02,7.412416e-03,6.019372e+00,7.823889e+00,2.884000e+01,1.780000e+00,7.747716e+00,9.948146e-01,4.099923e-01,3.153248e-03,4.905052e-04,5.140154e-01,5.003855e-01,5.407406e-05,-2.554416e+00,3.057791e+00,-1.905374e+00,5.288494e-01,2.081462e-02,7.530124e-01,3.752365e-01,3.755168e-01,-2.766526e-02,-9.586811e-05,2.744683e-02,2.756939e-02,2.754270e-02,5.511209e-02,-1.289680e-01,1.274165e-01,2.563845e-01,4.854632e-02,4.553603e-02,7.363708e+00,1.179000e+01,3.192000e+01,1.530000e+00,1.032244e+01,9.981781e-01,6.498494e-01,3.643753e-03,6.306496e-04,5.138752e-01,5.008059e-01,5.899159e-05,-2.617578e+00,3.210880e+00,-2.096969e+00,6.545694e-01,-2.194774e-02,1.189772e+00,7.673604e-01,3.755168e-01,-2.971629e-02,-7.702112e-05,2.936836e-02,2.963927e-02,2.944538e-02,5.908465e-02,-1.367958e-01,1.314234e-01,2.682191e-01,5.332077e-02,1.966852e-01,1.373441e+01,3.673333e+01,5.425000e+01,2.751000e+01,1.239197e+01,9.991592e-01,2.630509e-01,7.007218e-04,3.503609e-04,5.190610e-01,5.000350e-01,6.600384e-05,-2.640582e+00,3.267344e+00,-2.153911e+00,6.842256e-01,-2.461006e-02,1.616934e+00,7.675005e-01,3.755168e-01,-2.844135e-02,1.799285e-04,2.898237e-02,2.862127e-02,2.880244e-02,5.742372e-02,-1.629924e-01,1.517304e-01,3.147227e-01,5.865750e-02,1.010783e-02,2.638079e+01,3.931333e+01,5.597000e+01,7.720000e+00,2.235089e+01,9.991592e-01,3.584892e-01,5.605774e-04,3.503609e-04,5.192712e-01,5.006658e-01,6.927344e-05,-2.712057e+00,3.466706e+00,-2.402829e+00,8.500492e-01,-7.208374e-02,9.918126e-01,8.211758e-01,8.214561e-01,-3.075591e-02,3.662705e-04,3.084486e-02,3.112218e-02,3.047859e-02,6.160077e-02,-1.644542e-01,1.702381e-01,3.346923e-01,5.946480e-02,1.213709e-02,9.776896e+00,9.322666e+00,3.186000e+01,1.850000e+00,9.231943e+00,9.979679e-01,6.839044e-01,4.834980e-03,4.905052e-04,5.148563e-01,5.024879e-01,7.643399e-05,-2.663381e+00,3.326367e+00,-2.219069e+00,7.240454e-01,-3.308737e-02,1.277861e+00,1.535281e-01,3.754467e-01,-3.052906e-02,9.824515e-04,3.153086e-02,3.151152e-02,3.054841e-02,6.205993e-02,-2.177633e-01,2.196474e-01,4.374108e-01,7.064342e-02,1.913428e-01,1.344998e+01,6.083043e+00,1.390000e+01,1.900000e+00,3.428127e+00,9.922920e-01,6.628828e-02,1.331371e-03,2.802887e-04,5.240365e-01,5.012264e-01,9.397127e-05,-2.780536e+00,3.618977e+00,-2.599815e+00,9.932793e-01,-1.328453e-01,1.402512e+00,9.573261e-01,1.538084e-01,-3.220781e-02,-1.169205e-04,3.273758e-02,3.209088e-02,3.285450e-02,6.494538e-02,-2.132915e-01,2.207081e-01,4.339996e-01,7.106939e-02,3.117729e-01,1.395672e+01,3.479268e+00,7.930000e+00,1.460000e+00,1.578620e+00,9.800995e-01,1.422465e-02,2.802887e-04,1.401443e-04,5.189208e-01,5.029785e-01,9.189590e-05,-2.805528e+00,3.673918e+00,-2.661833e+00,1.022391e+00,-1.399849e-01,1.526501e+00,2.748231e-01,2.751734e-01,-3.046332e-02,1.706445e-03,3.136449e-02,3.216976e-02,2.965805e-02,6.182781e-02,-2.128295e-01,2.073486e-01,4.201781e-01,7.078798e-02,2.829101e-01,1.702199e+01,4.986428e+00,1.163000e+01,1.530000e+00,3.004286e+00,9.879476e-01,1.268306e-02,2.102165e-04,1.401443e-04,5.201121e-01,4.993342e-01,8.900385e-05,-2.811103e+00,3.696891e+00,-2.690955e+00,1.043292e+00,-1.429760e-01,1.208695e+00,2.748231e-01,5.640810e-01,-2.964723e-02,8.755565e-04,3.049669e-02,3.052279e-02,2.962113e-02,6.014392e-02,-2.098604e-01,2.093305e-01,4.191910e-01,6.887402e-02,1.514255e-01,1.343937e+01,6.391364e+00,1.671000e+01,1.470000e+00,4.702645e+00,9.927826e-01,1.016747e-01,2.172237e-03,2.802887e-04,5.259986e-01,5.001051e-01,8.965866e-05,-2.769714e+00,3.594368e+00,-2.561756e+00,9.593524e-01,-1.161340e-01,1.854890e+00,5.638007e-01,5.641510e-01,-3.181191e-02,8.107424e-04,3.309472e-02,3.262265e-02,3.228397e-02,6.490663e-02,-2.192503e-01,2.198774e-01,4.391277e-01,7.288573e-02,1.264736e-01,1.689476e+01,2.705000e+01,4.125000e+01,1.411000e+01,1.111562e+01,9.996496e-01,6.607105e-01,7.707939e-04,2.102165e-04,5.211633e-01,5.004556e-01,9.201298e-05,-2.797405e+00,3.623788e+00,-2.566366e+00,9.424253e-01,-1.095528e-01,2.214467e+00,5.638007e-01,5.641510e-01,-3.410937e-02,9.046436e-04,3.376792e-02,3.501401e-02,3.286328e-02,6.787729e-02,-2.510498e-01,2.716759e-01,5.227257e-01,8.555441e-02,1.507188e-01,1.929235e+01,3.496500e+01,7.102000e+01,1.014000e+01,2.528152e+01,9.996496e-01,7.591619e-01,8.408661e-04,1.401443e-04,5.272600e-01,5.001051e-01,1.107152e-04,-2.883189e+00,3.862538e+00,-2.885845e+00,1.166392e+00,-1.810548e-01,1.900024e+00,1.755308e-01,5.641510e-01,-3.267161e-02,1.028001e-03,3.155682e-02,3.369961e-02,3.052882e-02,6.422843e-02,-2.484546e-01,2.555702e-01,5.040249e-01,8.411288e-02,6.538091e-01,2.090455e+01,1.748125e+01,2.842000e+01,4.550000e+00,9.434011e+00,9.982482e-01,2.574452e-01,1.962021e-03,3.503609e-04,5.308339e-01,5.014367e-01,9.843281e-05,-2.919105e+00,3.960595e+00,-3.003728e+00,1.241099e+00,-2.004613e-01,1.759644e+00,1.755308e-01,2.310980e-01,-3.048297e-02,1.584458e-03,3.027718e-02,3.206743e-02,2.869272e-02,6.076016e-02,-2.455471e-01,2.657189e-01,5.112660e-01,8.420368e-02,3.642868e-01,2.097563e+01,9.324000e+00,1.596000e+01,2.280000e+00,4.429300e+00,9.957256e-01,7.119333e-02,1.891949e-03,2.802887e-04,5.355291e-01,4.991240e-01,9.545300e-05,-2.968364e+00,4.131518e+00,-3.253159e+00,1.424225e+00,-2.589500e-01,1.986295e+00,1.755308e-01,6.705207e-01,-2.740172e-02,1.353860e-03,2.728900e-02,2.875558e-02,2.593514e-02,5.469072e-02,-2.498048e-01,2.688253e-01,5.186301e-01,8.431353e-02,6.371220e-01,2.550784e+01,9.428182e+00,2.065000e+01,2.280000e+00,4.976431e+00,9.975474e-01,1.062995e-01,1.541588e-03,4.204330e-04,5.295725e-01,4.977223e-01,9.303485e-05,-2.980535e+00,4.166564e+00,-3.292435e+00,1.446721e+00,-2.640032e-01,2.434394e+00,6.702403e-01,6.705207e-01,-2.224806e-02,1.165795e-03,2.263410e-02,2.341385e-02,2.146830e-02,4.488216e-02,-2.030653e-01,2.258815e-01,4.289468e-01,7.420973e-02,8.196638e-01,4.629430e+01,2.074400e+01,6.241000e+01,5.660000e+00,2.145094e+01,9.992993e-01,3.930348e-01,9.810105e-04,2.802887e-04,5.342677e-01,4.988436e-01,6.737337e-05,-3.018790e+00,4.290310e+00,-3.459550e+00,1.564719e+00,-2.995458e-01,2.140135e+00,6.702403e-01,6.705207e-01,-1.766535e-02,7.787049e-04,1.831896e-02,1.844406e-02,1.754025e-02,3.598431e-02,-1.586515e-01,1.601867e-01,3.188382e-01,5.947143e-02,1.020100e+00,6.775515e+01,3.211666e+01,8.252000e+01,5.660000e+00,3.565526e+01,9.992292e-01,2.199566e-01,7.707939e-04,3.503609e-04,5.322354e-01,4.989838e-01,4.117809e-05,-3.054159e+00,4.410992e+00,-3.630063e+00,1.689774e+00,-3.398473e-01,1.599630e+00,6.702403e-01,6.705907e-01,-1.303789e-02,7.544041e-04,1.394073e-02,1.379230e-02,1.318632e-02,2.697862e-02,-1.157265e-01,1.108397e-01,2.265662e-01,4.012542e-02,2.212323e-01,6.064656e+01,9.635000e+01,9.635000e+01,9.635000e+01,0.000000e+00,9.997197e-01,2.571649e-01,2.102165e-04,1.401443e-04,5.309040e-01,4.982830e-01,2.220628e-05,-2.949475e+00,4.102901e+00,-3.217553e+00,1.401771e+00,-2.487858e-01,9.365441e-01,6.702403e-01,6.705907e-01,-1.043585e-02,5.595565e-04,1.114375e-02,1.099540e-02,1.058419e-02,2.157960e-02,-9.520492e-02,9.357472e-02,1.887796e-01,3.214006e-02,3.729330e-01,3.560284e+01,2.380167e+01,8.240000e+01,2.110000e+00,2.948553e+01,9.992292e-01,7.563590e-01,1.191227e-03,3.503609e-04,5.323756e-01,4.997547e-01,1.487811e-05,-2.921986e+00,4.022421e+00,-3.109845e+00,1.324956e+00,-2.234759e-01,1.494389e-01,1.018149e-01,1.020952e-01,-2.957719e-04,-4.142453e-06,2.847679e-04,2.916294e-04,2.889103e-04,5.805398e-04,-5.263860e-03,5.449580e-03,1.071344e-02,2.782206e-03,1.058698e+00,2.672922e+02,3.496500e+01,6.851000e+01,1.523000e+01,2.151543e+01,9.990891e-01,1.380422e-02,7.007218e-04,1.401443e-04,5.322354e-01,4.951293e-01,9.419667e-07,-1.597081e+00,1.060914e+00,2.201075e-01,-6.334918e-01,3.452552e-01,9.172332e-02,7.675706e-01,7.678509e-01,-8.393016e-05,-3.318052e-06,7.260694e-05,8.061211e-05,7.592500e-05,1.565371e-04,-3.322424e-03,3.463320e-03,6.785744e-03,1.675970e-03,3.468391e+00,3.163663e+02,3.674333e+01,5.596000e+01,1.870000e+00,2.470196e+01,9.988788e-01,2.522598e-03,3.503609e-04,1.401443e-04,5.345480e-01,4.967412e-01,3.697315e-07,-1.631587e+00,1.032076e+00,1.574432e-01,-6.319172e-01,3.475600e-01,1.847549e+03,5.329689e-01,5.332493e-01,-1.866211e+01,0.000000e+00,1.722656e+01,1.866211e+01,1.722656e+01,3.588867e+01,-8.326172e+01,8.943457e+01,1.726963e+02,4.131364e+01,-2.161174e-01,1.145577e+02,4.693666e+01,7.675999e+01,3.019000e+01,2.114144e+01,9.995095e-01,8.271319e-01,4.905052e-04,1.401443e-04,4.629993e-01,4.433387e-01,3.158925e+02,-1.396508e+00,8.164946e-01,3.052614e-01,-5.759400e-01,2.984416e-01,3.412295e+03,1.524771e-01,1.526873e-01,-2.871094e+01,0.000000e+00,2.727539e+01,2.871094e+01,2.727539e+01,5.598633e+01,-1.564746e+02,1.636523e+02,3.201270e+02,8.277620e+01,4.426599e-01,1.029730e+02,1.651667e+01,5.431000e+01,2.750000e+00,1.760956e+01,9.990190e-01,9.873170e-02,6.306496e-04,2.102165e-04,4.727400e-01,4.669563e-01,1.018071e+03,-1.540117e+00,1.016438e+00,1.839635e-01,-6.023852e-01,3.463277e-01,3.884590e+03,1.524771e-01,5.886763e-01,-2.583984e+01,0.000000e+00,2.583984e+01,2.583984e+01,2.583984e+01,5.167969e+01,-3.798457e+02,3.558721e+02,7.357178e+02,1.317273e+02,5.578296e-01,5.961140e+01,9.522000e+00,5.431000e+01,1.490000e+00,1.392705e+01,9.969869e-01,3.559666e-02,1.541588e-03,2.802887e-04,4.898388e-01,4.788703e-01,2.469742e+03,-1.587755e+00,1.067688e+00,1.268654e-01,-5.831664e-01,3.371187e-01,5.261279e+03,6.891598e-01,6.893700e-01,-4.593750e+01,0.000000e+00,4.450195e+01,4.593750e+01,4.450195e+01,9.043945e+01,-6.702568e+02,7.009775e+02,1.371234e+03,2.008478e+02,3.127774e-01,3.889875e+01,1.271091e+01,5.431000e+01,2.300000e+00,1.531900e+01,9.985285e-01,6.645645e-01,2.242310e-03,4.204330e-04,5.131745e-01,4.906441e-01,5.407288e+03,-1.618833e+00,1.104756e+00,1.030984e-01,-5.668662e-01,3.235921e-01,3.131152e+00,4.949898e-01,8.296546e-02,-3.533902e-03,-1.099721e-04,3.235943e-03,3.423930e-03,3.345915e-03,6.769845e-03,-1.407119e-01,1.445234e-01,2.852353e-01,6.658134e-02,1.172092e+00,1.668619e+02,2.378000e+01,5.617000e+01,2.890000e+00,2.322179e+01,9.991592e-01,3.811926e-02,8.408661e-04,2.802887e-04,5.345480e-01,5.029084e-01,5.957335e-04,-1.618789e+00,1.039700e+00,1.870529e-01,-6.267851e-01,3.187887e-01,2.674307e+03,5.330390e-01,5.332493e-01,-2.531240e+01,-2.609436e-01,2.471051e+01,2.505146e+01,2.497145e+01,5.002291e+01,-2.067165e+02,1.999854e+02,4.067019e+02,8.027202e+01,8.018697e-01,5.971654e+01,1.528429e+01,5.431000e+01,2.330000e+00,1.716299e+01,9.985986e-01,1.095929e-01,1.191227e-03,2.802887e-04,5.212334e-01,5.021375e-01,8.447118e+02,-1.636324e+00,1.136527e+00,7.583269e-02,-5.617946e-01,3.256576e-01,2.208769e+00,7.401023e-01,8.180926e-01,-8.091705e-02,1.603127e-04,8.303583e-02,8.107736e-02,8.287551e-02,1.639529e-01,-5.875478e-01,5.368854e-01,1.124433e+00,1.818442e-01,-1.381508e-01,7.998678e+00,3.712894e+00,1.332000e+01,1.420000e+00,2.595912e+00,9.908906e-01,6.708710e-01,1.226263e-02,1.681732e-03,4.988788e-01,5.030485e-01,4.045633e-03,-1.684086e+00,1.151828e+00,8.386800e-02,-5.968101e-01,3.254201e-01,1.238781e+07,6.891598e-01,6.893700e-01,-4.697974e+04,2.289125e+02,4.615119e+04,4.720866e+04,4.592227e+04,9.313093e+04,-9.873569e+05,9.802132e+05,1.967570e+06,3.379420e+05,6.864194e-01,7.752370e+01,2.179000e+01,5.432000e+01,7.900000e+00,1.652503e+01,9.990190e-01,6.071053e-01,1.471516e-03,1.401443e-04,5.434478e-01,5.015067e-01,1.437970e+10,-1.628684e+00,1.157053e+00,7.829964e-02,-5.685842e-01,3.485590e-01,7.406918e+01,1.004835e-01,3.999720e-01,-3.278228e-01,1.423168e-03,3.228019e-01,3.292460e-01,3.213787e-01,6.506247e-01,-1.008965e+01,1.055120e+01,2.064085e+01,2.989861e+00,6.621587e-01,4.448350e+01,1.086846e+01,5.000000e+01,2.210000e+00,1.507493e+01,9.962862e-01,6.383575e-02,3.363464e-03,5.605774e-04,5.138752e-01,4.996846e-01,1.308174e+00,-1.561887e+00,9.087887e-01,2.475279e-01,-5.988638e-01,2.937808e-01,2.762850e+04,8.247495e-02,8.415668e-02,-9.935984e+00,-3.178101e-02,9.416124e+00,9.904202e+00,9.447906e+00,1.935211e+01,-2.781998e+03,2.835524e+03,5.617521e+03,9.286244e+02,2.617668e-01,7.966094e+01,1.768125e+01,6.654000e+01,2.910000e+00,2.228773e+01,9.984584e-01,9.809403e-01,4.274403e-03,9.109383e-04,5.321654e-01,5.010863e-01,2.129779e+05,-1.208664e+00,4.654585e-01,4.381495e-01,-4.283409e-01,1.115233e-01,9.702385e+00,8.275524e-02,8.247495e-02,-1.222213e-04,5.146651e-06,1.388496e-04,1.273680e-04,1.337029e-04,2.610709e-04,-1.017726e-01,1.258139e-01,2.275864e-01,1.577719e-01,-3.515586e+00,3.623880e+02,2.378333e+01,5.614000e+01,2.740000e+00,2.322188e+01,9.995795e-01,9.966365e-01,8.408661e-04,2.102165e-04,4.540294e-01,5.019273e-01,2.759186e-03,-1.623819e+00,9.749904e-01,3.447313e-01,-6.822683e-01,2.892203e-01,1.947224e+00,5.330390e-01,5.332493e-01,-2.146025e-02,-2.444029e-04,2.109805e-02,2.121584e-02,2.134246e-02,4.255830e-02,-1.439543e-01,1.375609e-01,2.815152e-01,5.826534e-02,6.588342e-01,5.461561e+01,1.981200e+01,5.431000e+01,2.330000e+00,1.862310e+01,9.988788e-01,2.575153e-01,1.261299e-03,2.802887e-04,5.185003e-01,5.012264e-01,4.573292e-04,-1.616603e+00,1.109642e+00,9.770882e-02,-5.647619e-01,3.244059e-01,3.386943e-01,1.027959e-01,1.030762e-01,-2.007583e-04,-1.839129e-06,1.887795e-04,1.989192e-04,1.906186e-04,3.895377e-04,-3.472112e-03,3.492156e-03,6.964267e-03,3.452141e-03,5.628871e-01,1.786007e+03,1.537000e+01,1.537000e+01,1.537000e+01,0.000000e+00,9.997898e-01,4.148273e-02,2.102165e-04,1.401443e-04,5.337071e-01,4.982129e-01,2.418470e-06,-1.322249e+00,7.255237e-01,3.649194e-01,-5.686848e-01,2.883070e-01,1.341282e+01,6.704506e-01,6.701702e-01,-4.043504e-01,2.639961e-03,4.141940e-01,4.069903e-01,4.115540e-01,8.185444e-01,-1.998805e+00,1.950446e+00,3.949252e+00,7.649403e-01,-3.877776e-01,9.007911e+00,1.020000e+01,5.203000e+01,1.690000e+00,1.320384e+01,9.978979e-01,7.342162e-01,2.172237e-03,1.401443e-04,4.901191e-01,4.983531e-01,7.121080e-02,-1.669194e+00,1.071138e+00,1.674643e-01,-6.220891e-01,3.134856e-01,1.204503e+01,6.129213e-01,6.134819e-01,-5.728247e-01,-7.503080e-03,5.738946e-01,5.653216e-01,5.813977e-01,1.146719e+00,-2.462977e+00,2.495151e+00,4.958127e+00,9.701201e-01,1.172804e-01,5.364194e+00,6.799524e+00,2.725000e+01,1.920000e+00,5.997988e+00,9.936935e-01,3.799313e-01,3.713825e-03,5.605774e-04,4.990189e-01,4.973018e-01,1.308828e-01,-1.605074e+00,1.018746e+00,1.844514e-01,-6.093395e-01,3.080564e-01,1.296161e+01,7.988228e-02,3.600308e-01,-7.457927e-01,-3.688026e-03,7.468601e-01,7.421047e-01,7.505482e-01,1.492653e+00,-2.857671e+00,2.933910e+00,5.791581e+00,1.171569e+00,1.477839e-02,3.832225e+00,3.092174e+00,8.040000e+00,1.420000e+00,1.653940e+00,9.985285e-01,7.628057e-01,1.997057e-02,9.810105e-04,4.987386e-01,5.003855e-01,2.065210e-01,-1.556308e+00,9.699613e-01,2.070542e-01,-5.931343e-01,3.005575e-01,1.431299e+01,4.940789e-01,1.753206e-01,-9.005547e-01,7.188797e-04,8.927668e-01,9.012736e-01,8.920479e-01,1.793322e+00,-3.428304e+00,3.503282e+00,6.931585e+00,1.416462e+00,2.675883e-02,3.864710e+00,3.401666e+00,8.740000e+00,1.420000e+00,1.865647e+00,9.911008e-01,4.811155e-01,8.338588e-03,3.503609e-04,4.967064e-01,5.045203e-01,3.092794e-01,-1.536288e+00,9.420648e-01,2.338227e-01,-6.066210e-01,3.106387e-01,1.626279e+01,7.564291e-01,7.682012e-01,-1.029255e+00,3.456092e-03,9.964018e-01,1.032711e+00,9.929457e-01,2.025657e+00,-3.731504e+00,3.944177e+00,7.675681e+00,1.583480e+00,7.603448e-02,3.779674e+00,4.322424e+00,9.690000e+00,1.770000e+00,2.172408e+00,9.868264e-01,3.632542e-01,5.255413e-03,2.802887e-04,5.007008e-01,4.998949e-01,3.971069e-01,-1.523874e+00,9.240723e-01,2.349905e-01,-5.924683e-01,2.989009e-01,1.950000e+01,4.741784e-01,4.738981e-01,-1.077921e+00,1.079798e-02,1.107967e+00,1.088719e+00,1.097169e+00,2.185888e+00,-4.293399e+00,4.092616e+00,8.386015e+00,1.715412e+00,-1.272116e-01,3.991513e+00,4.172647e+00,1.416000e+01,1.430000e+00,2.571126e+00,9.983884e-01,7.672903e-01,1.555602e-02,3.503609e-04,4.960757e-01,4.960404e-01,4.763924e-01,-1.499138e+00,9.281319e-01,2.316644e-01,-5.874729e-01,3.141775e-01,1.871333e+01,4.526663e-01,4.001121e-01,-1.219286e+00,-4.491615e-03,1.192954e+00,1.214794e+00,1.197445e+00,2.412240e+00,-4.294251e+00,4.346569e+00,8.640820e+00,1.836946e+00,3.344008e-02,3.387035e+00,3.496250e+00,1.320000e+01,1.480000e+00,2.333304e+00,9.800995e-01,3.043235e-01,2.032093e-03,2.102165e-04,4.952348e-01,4.991240e-01,5.564374e-01,-1.491735e+00,9.019247e-01,2.508956e-01,-5.886132e-01,2.990214e-01,1.791388e+01,7.686918e-01,2.747530e-01,-1.238125e+00,2.238541e-02,1.252697e+00,1.260510e+00,1.230312e+00,2.490822e+00,-4.450261e+00,4.381557e+00,8.831818e+00,1.887534e+00,-5.744708e-02,3.288425e+00,2.048571e+00,3.810000e+00,1.420000e+00,5.424238e-01,9.985986e-01,8.089833e-01,6.089272e-02,2.102165e-03,5.016118e-01,5.012264e-01,6.003023e-01,-1.469391e+00,8.951054e-01,2.555728e-01,-5.867490e-01,3.095106e-01,1.822181e+01,4.200126e-01,1.177213e-02,-1.210915e+00,-3.113174e-03,1.207375e+00,1.207802e+00,1.210488e+00,2.418290e+00,-4.325898e+00,4.193988e+00,8.519886e+00,1.822674e+00,-2.565167e-02,3.281728e+00,2.949375e+00,9.440000e+00,1.580000e+00,1.442780e+00,9.803798e-01,3.329129e-01,2.242310e-03,2.102165e-04,4.967064e-01,5.008059e-01,5.742751e-01,-1.461056e+00,8.781568e-01,2.615823e-01,-5.874311e-01,3.071534e-01,1.667673e+01,9.773667e-01,3.600308e-01,-1.246507e+00,2.610970e-03,1.240784e+00,1.249118e+00,1.238173e+00,2.487291e+00,-4.451061e+00,4.300858e+00,8.751919e+00,1.854567e+00,-2.646292e-02,3.173140e+00,1.980282e+00,4.840000e+00,1.420000e+00,6.408929e-01,9.968467e-01,7.221639e-01,5.003153e-02,1.331371e-03,4.989488e-01,4.970916e-01,5.640727e-01,-1.475810e+00,8.878162e-01,2.740557e-01,-5.968646e-01,3.119037e-01,1.571305e+01,6.568565e-01,8.250298e-01,-1.235892e+00,2.600741e-03,1.244612e+00,1.238493e+00,1.242011e+00,2.480504e+00,-4.394650e+00,4.351997e+00,8.746647e+00,1.869085e+00,-2.838587e-02,3.219120e+00,2.324918e+00,5.530000e+00,1.420000e+00,8.610603e-01,9.920118e-01,6.310700e-01,3.790905e-02,1.401444e-03,4.989488e-01,5.002453e-01,5.762968e-01,-1.471384e+00,8.944753e-01,2.676334e-01,-5.957381e-01,3.167407e-01,1.652393e+01,3.800014e-01,1.475019e-01,-1.228151e+00,-4.303253e-03,1.217685e+00,1.223848e+00,1.221988e+00,2.445835e+00,-4.168233e+00,4.333766e+00,8.501999e+00,1.824234e+00,7.151717e-02,3.161408e+00,2.287258e+00,5.560000e+00,1.420000e+00,9.519456e-01,9.613903e-01,2.978768e-01,3.363464e-03,3.503609e-04,5.011913e-01,5.032588e-01,5.446044e-01,-1.467119e+00,9.118488e-01,2.604054e-01,-6.026675e-01,3.354051e-01,1.543890e+01,1.194030e-01,9.592880e-02,-1.116802e+00,7.779980e-03,1.135335e+00,1.124582e+00,1.127555e+00,2.252138e+00,-3.970173e+00,3.935718e+00,7.905891e+00,1.691717e+00,-1.370768e-02,3.197547e+00,3.613684e+00,1.469000e+01,1.420000e+00,2.603648e+00,9.857053e-01,4.722164e-01,9.249527e-03,3.503609e-04,4.986685e-01,4.964609e-01,4.702849e-01,-1.464615e+00,9.004846e-01,2.773898e-01,-6.189741e-01,3.411134e-01,1.399535e+01,5.970149e-01,7.217434e-01,-1.003784e+00,-6.832862e-03,1.005625e+00,9.969511e-01,1.012458e+00,2.009409e+00,-3.503284e+00,3.458568e+00,6.961852e+00,1.494015e+00,-1.133994e-02,3.138280e+00,2.520536e+00,6.070000e+00,1.430000e+00,1.147758e+00,9.679770e-01,3.060752e-01,2.102165e-03,1.401443e-04,4.990189e-01,4.984932e-01,3.708878e-01,-1.450145e+00,8.931876e-01,2.659661e-01,-5.840307e-01,3.246781e-01,6.734882e+01,9.518395e-01,6.734882e+01,7.548642e+01,4.033917e+02,7.330602e-01,6.214939e-01,7.760260e-06,2.506106e-02,7.092431e-03,-4.637390e-09,2.247006e-05,1.728693e-02,7.080321e-03,5.121327e-01,5.858622e+01,6.014351e+01,6.320717e+01,1.557293e+00,3.063660e+00,4.620953e+00,5.354634e+01,2.544448e+02,2.008984e+02,3.409306e+01,6.658354e+00,5.397867e+01,2.521273e-02,1.008509e-02,2.836432e-03,1.260637e-03,4.902270e-01,5.026805e-01,2.680386e+02,-9.897010e-01,-3.471592e-03,6.330176e-02,1.708087e-01,-2.215970e-01,6.724750e-01,9.933614e-01,6.724750e-01,6.752990e-01,8.134484e-01,7.940507e-01,8.607315e-01,1.944355e-06,7.778958e-01,5.689763e-03,-5.589747e-11,2.729771e-06,7.760566e-01,5.689085e-03,5.027186e-01,6.636325e-01,6.834971e-01,7.006209e-01,1.986462e-02,1.712382e-02,3.698844e-02,3.663082e-01,7.505797e-01,3.842716e-01,6.169334e-02,-4.192702e+00,2.833798e+01,9.972957e-01,9.834187e-01,8.876317e-01,7.472246e-03,4.953384e-01,4.924555e-01,8.682105e-04,-1.089921e+00,1.471366e-01,1.697007e-01,-1.503495e-01,-7.581504e-02,1.283094e-01,6.522055e-01,1.283094e-01,1.649733e-01,6.705409e-01,9.899194e-01,8.044355e-01,-4.288671e-05,2.014148e-01,2.387753e-02,-8.833780e-07,3.943854e-04,1.654127e-01,2.361515e-02,4.897282e-01,5.381219e-02,1.116704e-01,1.731425e-01,5.785820e-02,6.147207e-02,1.193303e-01,3.507142e-03,4.952333e-01,4.917262e-01,1.036962e-01,1.670363e+00,7.282192e+00,2.620968e-01,5.443548e-02,1.008064e-02,6.048387e-03,3.777778e-01,4.473684e-01,7.959953e-03,-6.743501e-01,2.060456e-02,-1.415044e-01,5.577926e-02,-1.629092e-01,1.167013e-01,6.671317e-01,1.167013e-01,1.474640e-01,5.124353e-01,9.854015e-01,5.291971e-02,-1.975192e-05,2.316971e-01,3.093749e-02,-1.032454e-06,5.450002e-04,1.803047e-01,3.040344e-02,4.951269e-01,4.862928e-02,9.256043e-02,1.772020e-01,4.393114e-02,8.464161e-02,1.285727e-01,4.374314e-03,4.268156e-01,4.224413e-01,9.014675e-02,1.211849e+00,5.222802e+00,4.124088e-01,5.839416e-02,1.094890e-02,1.094890e-02,2.943327e-01,3.827839e-01,5.195031e-03,-7.841182e-01,4.974663e-02,-3.115246e-03,-6.444335e-02,-1.132414e-01,1.944975e-01,6.967434e-01,1.944975e-01,2.410547e-01,9.994888e-01,9.880202e-01,2.704918e-01,2.096133e-05,1.774736e-01,2.020676e-02,1.011313e-07,-1.393319e-04,2.197910e-01,1.984725e-02,5.139213e-01,9.431290e-02,1.666892e-01,2.589928e-01,7.237635e-02,9.230354e-02,1.646799e-01,2.581377e-03,6.464006e-01,6.438192e-01,1.424012e-01,1.495515e+00,7.175938e+00,2.780580e-01,3.467844e-02,5.674653e-03,4.413619e-03,2.958991e-01,3.585859e-01,1.007042e-02,-8.568361e-01,1.754449e-03,6.388476e-02,-6.167796e-02,-7.837655e-02,-7.703279e+01,6.662152e-01,3.607339e+00,8.654308e+01,1.120074e+02,4.756696e-01,0.000000e+00,1.737184e-06,1.926638e-01,1.239482e-01,1.745488e-09,-2.315522e-05,2.518247e-01,1.232479e-01,4.970188e-01,-1.000000e+02,-1.000000e+02,-6.553158e+01,0.000000e+00,3.446842e+01,3.446842e+01,-1.000000e+02,6.024201e+00,1.060242e+02,3.944178e+01,1.323999e+00,2.991561e+00,2.839714e-01,2.221287e-01,1.602160e-01,1.545365e-01,1.652759e-01,1.689341e-01,9.843861e+01,-1.744726e+00,7.544615e-01,5.612617e-01,-8.233337e-01,2.649460e-01,-1.627670e-04,9.401730e-02,5.800400e-04,5.550843e-03,2.237535e-01,1.250521e-03,2.501042e-03,1.670071e-06,5.082169e-01,6.135623e-04,-3.170844e-09,9.273756e-06,5.051792e-01,6.117122e-04,9.046693e-02,-7.334311e-05,-8.806974e-07,6.445966e-05,7.246241e-05,6.534035e-05,1.378028e-04,-5.809026e-03,3.794401e-03,9.603428e-03,5.548456e-03,-3.088666e+00,2.875005e+02,9.979158e-01,9.833264e-01,8.336807e-04,8.336807e-04,5.091743e-01,4.968711e-01,8.564482e-06,-1.377196e+00,1.370847e+00,-9.387106e-01,6.124462e-01,-2.210097e-01,6.458306e-09,1.594868e-01,4.573349e-06,3.168875e-05,2.497919e-03,1.345037e-03,0.000000e+00,-1.945516e-09,6.852216e-01,1.609361e-04,1.210242e-12,-1.904018e-08,6.852618e-01,1.609357e-04,1.092188e-01,-6.890415e-07,7.531259e-09,7.094640e-07,6.965727e-07,7.019328e-07,1.398505e-06,-4.411141e-05,3.572870e-05,7.984011e-05,3.168875e-05,-7.112961e+00,8.275355e+02,9.999292e-01,9.996461e-01,2.336118e-03,6.371230e-04,4.851681e-01,4.980884e-01,4.505410e-10,-9.080669e-01,2.555970e-01,1.567486e-01,-8.017451e-02,3.696626e-02,-5.875024e-06,7.341371e-02,7.182697e-06,6.297185e-05,1.144564e-03,2.857143e-02,0.000000e+00,1.225984e-04,6.581214e-01,2.925473e-03,-2.123473e-06,6.407257e-04,6.371372e-01,2.835222e-03,8.553319e-02,-1.604203e-06,-3.095187e-13,9.235520e-07,1.604202e-06,9.235522e-07,2.527755e-06,-2.023576e-04,1.963678e-05,2.219944e-04,6.269719e-05,-7.307024e+00,1.013626e+02,9.959184e-01,9.877551e-01,8.163265e-03,4.081632e-03,4.959016e-01,4.938272e-01,3.654750e-09,-1.758503e-01,9.070852e-02,-2.324326e-01,1.135377e-01,-7.696996e-02,-2.748137e-06,1.060355e-01,5.544563e-06,2.846059e-05,3.521885e-04,1.048951e-02,3.496503e-02,1.596464e-04,6.885463e-01,6.295753e-03,-2.680812e-06,9.236777e-04,6.523821e-01,6.028638e-03,1.436535e-01,-1.644222e-06,-2.370291e-12,1.205205e-06,1.644219e-06,1.205208e-06,2.849427e-06,-1.642270e-04,3.843840e-05,2.026654e-04,2.832760e-05,-6.372884e+00,5.415843e+01,9.895105e-01,9.860140e-01,7.692308e-02,3.496503e-03,5.122807e-01,5.140845e-01,5.729460e-10,-3.710391e-01,8.248037e-02,2.191860e-01,-4.671001e-01,4.197964e-02,1.498288e-06,7.818823e-02,2.776352e-05,1.195557e-04,2.822931e-03,7.220217e-03,2.767750e-02,-5.571849e-06,3.599827e-01,1.791592e-03,4.185534e-08,-4.031178e-05,3.647826e-01,1.786951e-03,9.016295e-02,-2.956827e-06,-3.297454e-07,1.802968e-06,2.627081e-06,2.132713e-06,4.759795e-06,-1.687838e-04,1.845125e-04,3.532963e-04,1.195463e-04,6.071393e+00,1.134012e+02,9.927798e-01,7.220217e-03,3.610108e-03,1.203369e-03,5.048193e-01,4.921592e-01,5.227450e-09,-1.133042e+00,7.520042e-01,-3.508897e-01,1.562224e-01,-1.568805e-01,1.309192e-03,1.366907e-01,8.495172e-03,6.554152e-02,3.845709e+00,3.633721e-04,1.090116e-03,-3.723802e-07,3.517170e-01,2.899899e-04,3.390232e-10,-2.238025e-06,3.534278e-01,2.894039e-04,1.154981e-01,-1.703945e-03,8.221852e-06,1.716843e-03,1.712167e-03,1.708621e-03,3.420788e-03,-3.179285e-02,3.533284e-02,6.712569e-02,6.552844e-02,2.081137e+01,8.062991e+02,9.989099e-01,1.271802e-03,5.450582e-04,3.633721e-04,4.990005e-01,5.054526e-01,2.662883e-04,-2.054291e+00,1.855379e+00,-5.218687e-01,-3.165377e-01,2.344493e-01,2.223858e-01,6.659999e-02,3.400000e-01,2.000000e-02,6.645630e-02,4.190245e-01,9.728122e-01,4.341091e-01,7.368912e-01,6.156219e-01,8.865409e-01,8.610863e-01,6.947361e-01,2.757116e-01,1.657984e+00,8.775191e-01,2.900394e+00,3.010921e+00,2.572794e+00,2.860520e+00,-1.374264e-04,1.295297e-01,1.210878e-02,5.716069e-06,-9.529951e-04,1.489226e-01,1.203353e-02,4.959499e-01,1.011661e+00,9.888066e-01,1.024808e+00,6.885437e-01,6.221023e-01,1.501899e+00,8.045642e-01,1.394778e+00,3.831173e-01,1.378701e+00,3.634869e-01,3.338891e+00,3.394074e+00,4.286638e+00,3.696192e+00,-2.205626e-06,2.229784e-01,7.683116e-03,3.101707e-07,-4.646078e-05,2.240307e-01,7.682895e-03,4.999166e-01,1.580503e-02,5.476353e-01,4.606226e-02,3.489500e+00,5.977165e+00,7.138665e-01,8.925422e-01,3.036805e-01,2.878754e-01,1.412975e+01,5.472907e-01,2.302068e+00,2.658050e+00,2.424834e+00,2.676445e+00,-1.462486e-04,2.525528e-02,2.889975e-03,3.924647e-06,-7.062174e-04,3.857040e-02,2.854502e-03,4.119621e-01,3.983515e-02,8.039358e-01,4.474695e-02,7.530687e-01,5.264841e-01,1.622575e-01,8.749999e-01,6.964898e-02,2.981383e-02,1.748430e+00,5.339673e-01,2.167742e-01,1.599997e-01,2.341099e-01,2.012200e-01,1.466090e-04,2.029998e-01,1.204517e-02,-7.824519e-07,2.582492e-04,2.003451e-01,1.204376e-02,5.080802e-01,1.382039e-01,9.382587e-01,1.536582e-01,1.909865e+00,1.826046e+00,1.088143e+00,8.556881e-01,4.159245e-01,2.777206e-01,3.009498e+00,1.887960e-01,1.334348e+00,1.963085e+00,1.766420e+00,1.623878e+00,-1.138745e-05,8.600067e-02,2.789022e-03,1.072148e-06,-1.643615e-04,8.963813e-02,2.786374e-03,4.987191e-01,2.802144e-01,9.736367e-01,2.907371e-01,9.223377e-01,1.148862e+00,1.192690e+00,8.164273e-01,5.235381e-01,2.433237e-01,1.868348e+00,5.320660e-01,2.188095e+00,2.749552e+00,2.825576e+00,2.954104e+00,1.560226e-06,1.461404e-01,2.815161e-03,1.367615e-06,-1.935711e-04,1.507803e-01,2.810854e-03,5.000617e-01,4.273258e-01,9.840742e-01,4.353265e-01,4.104624e-01,2.979490e-01,1.196496e+00,8.137271e-01,5.915302e-01,1.642044e-01,1.384261e+00,2.914439e-01,2.422991e+00,2.383208e+00,2.489640e+00,2.424272e+00,1.561715e-07,1.812516e-01,3.192263e-03,7.630897e-07,-1.087215e-04,1.838405e-01,3.190922e-03,4.999714e-01,5.621516e-01,9.884959e-01,5.690823e-01,1.973684e-01,1.235207e-01,8.710876e-01,8.180165e-01,6.873955e-01,1.252439e-01,1.222794e+00,5.204453e-01,3.231147e+00,1.948398e+00,3.011340e+00,1.893410e+00,8.330570e-06,2.605185e-01,6.913854e-03,6.886839e-07,-8.993085e-05,2.628549e-01,6.912762e-03,5.001526e-01,6.790378e-01,9.883772e-01,6.876100e-01,2.609707e-01,1.660496e-01,1.406617e+00,8.385314e-01,8.596963e-01,1.806585e-01,1.266051e+00,1.836097e-01,3.723825e+00,2.490477e+00,3.461667e+00,2.588029e+00,3.605319e-06,1.717602e-01,4.163247e-03,3.459185e-07,-4.575034e-05,1.729338e-01,4.162971e-03,5.000709e-01,7.743185e-01,9.910318e-01,7.818898e-01,2.461658e-01,1.641940e-01,1.350921e+00,8.136564e-01,9.469376e-01,1.726191e-01,1.222930e+00,2.236825e-01,3.814870e+00,2.359129e+00,3.684616e+00,2.532347e+00,1.130270e-06,2.129510e-01,4.274247e-03,3.997564e-07,-5.590697e-05,2.143073e-01,4.273879e-03,4.999938e-01,8.563125e-01,9.910383e-01,8.641968e-01,1.670223e-01,1.007889e-01,1.151296e+00,8.670531e-01,1.011420e+00,1.551079e-01,1.181135e+00,3.598180e-01,4.580717e+00,2.291998e+00,4.526555e+00,2.584305e+00,8.403753e-06,2.640586e-01,7.693612e-03,6.666963e-08,-1.108671e-06,2.642848e-01,7.693601e-03,5.001199e-01,9.279504e-01,9.907169e-01,9.370788e-01,2.123468e-01,1.335561e-01,1.263791e+00,7.761578e-01,1.106346e+00,1.783955e-01,1.192247e+00,4.312261e-01,4.495433e+00,2.496822e+00,4.139033e+00,2.552049e+00,1.244897e-05,2.814659e-01,6.421204e-03,7.087814e-08,2.336079e-06,2.817064e-01,6.421193e-03,5.002247e-01,9.975630e-01,9.862516e-01,1.013000e+00,4.449530e-01,3.193948e-01,2.193696e+00,7.945335e-01,1.303216e+00,3.056525e-01,1.306399e+00,2.774076e-01,4.259040e+00,3.562107e+00,4.280385e+00,3.578089e+00,1.530343e-05,2.048244e-01,4.070961e-03,-9.626752e-09,1.667697e-05,2.047918e-01,4.070961e-03,5.004686e-01,1.061740e+00,9.840863e-01,1.081384e+00,5.493798e-01,3.961662e-01,2.696728e+00,8.116406e-01,1.449722e+00,3.879826e-01,1.365422e+00,3.156924e-01,4.335501e+00,3.833279e+00,4.844227e+00,4.471628e+00,1.374312e-05,1.852107e-01,3.813309e-03,-1.206725e-07,3.096067e-05,1.848013e-01,3.813275e-03,5.004764e-01,1.119497e+00,9.860126e-01,1.138010e+00,6.533179e-01,4.930438e-01,3.096453e+00,8.122988e-01,1.579882e+00,4.603851e-01,1.411243e+00,1.882917e-01,4.738651e+00,5.104435e+00,5.139131e+00,4.692315e+00,1.616300e-05,1.515866e-01,2.875573e-03,-2.116161e-07,4.635638e-05,1.508686e-01,2.875470e-03,5.006194e-01,1.177582e+00,9.868641e-01,1.196070e+00,9.483892e-01,8.033143e-01,3.685428e+00,8.324577e-01,1.805111e+00,6.275290e-01,1.532896e+00,1.727706e-01,4.901874e+00,6.819300e+00,6.629138e+00,6.854885e+00,1.461660e-05,1.519933e-01,2.238574e-03,2.350514e-07,-1.892053e-05,1.527908e-01,2.238447e-03,5.006184e-01,1.235173e+00,9.869409e-01,1.253540e+00,2.975523e-01,1.932655e-01,2.135778e+00,8.338359e-01,1.568937e+00,3.337638e-01,1.270216e+00,3.479414e-01,5.811515e+00,4.634778e+00,5.458160e+00,4.210401e+00,1.282996e-05,2.248764e-01,6.967014e-03,5.430946e-07,-6.465877e-05,2.267190e-01,6.966334e-03,5.002813e-01,1.304092e+00,9.775393e-01,1.341253e+00,5.151449e-01,3.850707e-01,2.769109e+00,7.855846e-01,1.905961e+00,6.018689e-01,1.461523e+00,4.665053e-01,6.276420e+00,7.248894e+00,7.161212e+00,6.300949e+00,-2.911880e-06,2.162770e-01,7.911721e-03,2.460620e-07,-3.802000e-05,2.171118e-01,7.911582e-03,4.998714e-01,1.361198e+00,9.759500e-01,1.403855e+00,7.589305e-01,6.469809e-01,3.376565e+00,7.697378e-01,2.139011e+00,7.778131e-01,1.571418e+00,3.201652e-01,5.890415e+00,6.356168e+00,7.823425e+00,6.580205e+00,-3.337112e-07,2.102924e-01,6.129565e-03,3.779682e-07,-5.426221e-05,2.115747e-01,6.129235e-03,4.999522e-01,1.407135e+00,9.790591e-01,1.444188e+00,9.805555e-01,7.915471e-01,4.229912e+00,7.871199e-01,2.326993e+00,9.198580e-01,1.653710e+00,2.249236e-01,5.764304e+00,6.728996e+00,8.733452e+00,7.371568e+00,-3.171819e-06,1.809541e-01,3.658346e-03,-6.412272e-08,5.977211e-06,1.807365e-01,3.658337e-03,4.998209e-01,1.446794e+00,9.817860e-01,1.478294e+00,7.366840e-01,5.817623e-01,3.456073e+00,7.754540e-01,2.198032e+00,7.512380e-01,1.519243e+00,3.398064e-01,6.181322e+00,6.806935e+00,8.061465e+00,6.346682e+00,-2.866307e-06,1.924718e-01,4.638718e-03,-6.283667e-08,6.099229e-06,1.922586e-01,4.638710e-03,4.998600e-01,1.484201e+00,9.774618e-01,1.525281e+00,6.972548e-01,5.684842e-01,3.608110e+00,7.882776e-01,2.253326e+00,7.691244e-01,1.518208e+00,2.761239e-01,6.090360e+00,6.351279e+00,7.324485e+00,6.021494e+00,8.272694e-07,2.067103e-01,5.900916e-03,2.608100e-08,-2.893968e-06,2.067988e-01,5.900914e-03,4.999953e-01,1.510956e+00,9.663985e-01,1.576520e+00,8.133143e-01,6.874632e-01,4.306231e+00,7.867628e-01,2.598017e+00,1.087061e+00,1.719453e+00,3.746900e-01,7.615490e+00,7.838065e+00,9.671001e+00,7.660154e+00,-3.334010e-06,2.048284e-01,6.757086e-03,-6.977089e-07,9.621509e-05,2.024613e-01,6.755964e-03,4.998213e-01,1.481950e+00,9.682691e-01,1.541642e+00,7.814835e-01,6.541839e-01,4.323113e+00,8.083782e-01,2.487624e+00,1.005674e+00,1.678616e+00,4.607129e-01,7.172261e+00,7.809272e+00,8.960773e+00,7.773491e+00,-9.968650e-06,1.863294e-01,6.310543e-03,-2.504176e-07,2.576093e-05,1.854798e-01,6.310398e-03,4.995372e-01,1.408623e+00,9.662931e-01,1.469495e+00,7.587700e-01,6.586661e-01,4.300130e+00,7.943420e-01,2.423153e+00,1.014529e+00,1.720227e+00,4.686082e-01,7.175823e+00,7.060676e+00,9.317240e+00,7.833441e+00,-2.717604e-05,1.732607e-01,5.976993e-03,7.886958e-08,-3.842915e-05,1.735282e-01,5.976979e-03,4.987231e-01,1.282755e+00,9.624960e-01,1.346851e+00,9.150967e-01,7.631915e-01,5.098235e+00,8.264459e-01,2.385486e+00,1.102731e+00,1.859658e+00,2.584763e-01,6.127238e+00,6.105633e+00,9.386963e+00,8.196996e+00,-2.174853e-05,1.482789e-01,4.428254e-03,4.106698e-07,-8.034289e-05,1.496722e-01,4.427865e-03,4.987213e-01,1.104139e+00,9.700092e-01,1.150173e+00,9.296078e-01,7.502963e-01,4.503903e+00,8.369383e-01,2.036101e+00,9.319620e-01,1.844062e+00,2.148108e-01,5.295381e+00,6.202643e+00,7.623134e+00,7.593036e+00,-1.275468e-05,1.284599e-01,3.583152e-03,4.825704e-07,-8.160782e-05,1.300971e-01,3.582615e-03,4.992258e-01,9.194086e-01,9.758661e-01,9.512151e-01,1.201186e+00,8.843799e-01,3.966597e+00,8.340625e-01,1.742484e+00,8.230754e-01,1.895223e+00,1.584935e-01,4.201388e+00,6.660812e+00,6.400444e+00,6.266407e+00,-4.322700e-06,1.140602e-01,2.630627e-03,4.131192e-07,-6.326655e-05,1.154618e-01,2.630234e-03,4.996991e-01,7.491779e-01,9.810411e-01,7.673079e-01,1.125000e+00,8.648064e-01,3.047274e+00,8.411182e-01,1.288449e+00,5.392712e-01,1.719817e+00,1.144539e-01,3.000278e+00,4.406240e+00,4.339329e+00,4.273120e+00,8.460890e-06,1.118538e-01,2.094605e-03,4.607894e-07,-5.728453e-05,1.134171e-01,2.094116e-03,5.004514e-01,6.056893e-01,9.821224e-01,6.193934e-01,7.539893e-01,5.399160e-01,1.819535e+00,8.239101e-01,9.585376e-01,3.528482e-01,1.582556e+00,2.175518e-01,2.426373e+00,3.319031e+00,3.338331e+00,2.851945e+00,2.659734e-05,1.377379e-01,3.441131e-03,5.155969e-07,-4.696802e-05,1.394872e-01,3.440519e-03,5.011181e-01,4.911800e-03,7.776784e-01,9.951138e-03,3.754595e+00,3.211691e+00,2.389019e-01,8.886781e-01,7.531214e-02,7.040033e-02,1.294334e+01,6.542522e-02,5.322142e-01,1.284800e+00,4.937646e-01,1.146449e+00,-1.742715e-05,1.594208e-02,1.035886e-03,1.327762e-06,-2.068722e-04,2.044677e-02,1.031826e-03,4.886234e-01,2.999705e-03,5.522826e-01,8.170260e-03,6.696111e+00,5.199064e+00,2.344591e-01,8.816769e-01,7.162295e-02,6.862324e-02,1.516391e+01,3.320603e-01,1.511347e-01,3.936560e-01,3.092566e-01,7.605819e-01,1.861046e-05,8.106544e-03,8.161335e-04,2.842599e-08,1.455464e-05,8.202985e-03,8.161316e-04,5.195826e-01,1.893556e+02,7.602200e-01,2.430613e+02,1.407879e+00,1.289606e+00,2.871094e+03,8.928571e-01,6.721231e+02,4.827675e+02,3.549529e+00,2.366071e-01,3.387100e+03,4.054711e+03,5.003869e+03,9.795266e+03,1.091733e-04,3.770481e-02,2.225687e-03,-2.420218e-06,4.544900e-04,2.949375e-02,2.212197e-03,5.220102e-01,4.168237e+02,7.489009e-01,5.214042e+02,2.605283e+00,1.908747e+00,5.612988e+03,8.988506e-01,2.017741e+03,1.600917e+03,4.840754e+00,2.528736e-01,8.121839e+03,1.459507e+04,9.681676e+03,2.332132e+04,7.658952e-05,5.438871e-02,2.506252e-03,-2.321847e-06,4.078706e-04,4.651139e-02,2.493837e-03,5.136088e-01,7.430688e+02,7.556144e-01,9.314890e+02,1.373039e+00,1.242339e+00,6.689648e+03,8.876190e-01,2.786633e+03,2.043564e+03,3.750169e+00,4.819048e-01,1.463194e+04,2.175574e+04,2.164723e+04,4.136382e+04,2.140941e-05,9.135279e-02,5.554097e-03,-2.273140e-06,3.457410e-04,8.364072e-02,5.542196e-03,5.025470e-01,1.221979e+03,7.768856e-01,1.503512e+03,8.223699e-01,7.071887e-01,8.756836e+03,8.957416e-01,3.733906e+03,2.511928e+03,3.055624e+00,5.991189e-01,2.522129e+04,3.345212e+04,2.764519e+04,3.663605e+04,-1.444345e-06,1.206946e-01,8.028697e-03,-1.201288e-06,1.699554e-04,1.166190e-01,8.025373e-03,4.998276e-01,1.384371e-01,6.331410e-01,3.893640e-01,4.356563e+00,5.547449e+00,8.117079e+00,8.763094e-01,3.355366e+00,3.216929e+00,1.523177e+01,4.729201e-01,3.624250e+01,3.796043e+01,3.853162e+01,4.153952e+01,-9.840358e-05,1.912619e-02,1.527164e-03,2.750678e-06,-4.908703e-04,2.845840e-02,1.509738e-03,4.216738e-01,6.135387e+02,8.278685e-01,7.131059e+02,1.051926e+00,7.887205e-01,4.599187e+03,8.743087e-01,1.690097e+03,1.076558e+03,2.754670e+00,4.329304e-01,7.979062e+03,1.252589e+04,9.143209e+03,1.815702e+04,6.384897e-05,1.033560e-01,4.766597e-03,-1.585811e-06,2.901125e-04,9.797587e-02,4.760806e-03,5.064743e-01,3.932688e+00,9.150344e-01,4.100633e+00,2.283628e-01,1.628002e-01,5.503644e+00,8.625337e-01,4.378386e+00,4.456983e-01,1.113332e+00,7.531598e-01,2.626365e+01,1.896157e+01,2.319121e+01,1.908342e+01,4.684171e-04,5.533616e-01,3.276462e-02,-8.664245e-06,1.704632e-03,5.239665e-01,3.259174e-02,5.090020e-01,1.016375e+06,6.804007e-01,1.543054e+06,1.419900e+00,1.112000e+00,1.944889e+07,8.915461e-01,6.579266e+06,5.562892e+06,6.473269e+00,4.156698e-01,3.254789e+07,4.930638e+07,4.294241e+07,7.643695e+07,2.490701e-05,4.470059e-02,2.831558e-03,1.615685e-06,-2.056190e-04,5.018211e-02,2.825546e-03,5.063217e-01,1.362927e+01,7.175777e-01,2.396704e+01,1.517609e+00,1.769154e+00,1.920005e+02,8.662291e-01,1.144019e+02,1.007727e+02,8.393841e+00,7.547655e-01,1.232940e+03,1.276124e+03,1.166346e+03,1.174812e+03,-2.115272e-04,7.629271e-02,7.835109e-03,6.346040e-06,-1.116980e-03,9.782287e-02,7.742360e-03,4.590601e-01,1.011952e+03,1.653613e-01,5.103031e+03,2.327000e+00,4.925787e+00,7.280588e+04,8.541908e-01,3.869611e+04,3.768416e+04,1.707152e+01,6.448411e-01,6.246512e+05,7.298781e+05,7.256107e+05,9.002579e+05,-1.431861e-04,2.206267e-02,3.408793e-03,4.131334e-06,-7.326449e-04,3.607901e-02,3.369485e-03,3.565597e-01,-6.718370e-02,4.237797e-02,6.408419e-01,8.868000e+00,1.785138e+01,5.489844e+00,2.333657e-01,-9.640895e-01,-8.969058e-01,1.256729e+01,8.944771e-01,8.306512e+01,9.752926e+01,1.368571e+02,1.682318e+02,5.708898e-05,9.930979e-01,7.284025e-04,-1.318290e-06,2.451826e-04,9.886253e-01,7.244000e-04,2.622679e-01,5.320806e-01,8.491645e-01,5.934329e-01,1.031232e+00,7.366684e-01,3.451354e+00,8.886516e-01,1.225933e+00,6.938528e-01,2.304037e+00,3.902680e-01,5.689659e+00,9.177574e+00,6.683496e+00,1.428867e+01,1.140315e-04,1.185293e-01,4.555830e-03,-2.278759e-06,4.391648e-04,1.107982e-01,4.543871e-03,5.098623e-01,4.220095e-03,7.649845e-01,1.097111e-02,1.809714e+01,1.491601e+01,5.127600e-01,8.703431e-01,1.598820e-01,1.556619e-01,1.703861e+01,1.162183e-03,1.696146e-01,2.208843e-01,8.631560e-02,9.567925e-02,-2.067325e-06,5.881299e-03,2.954629e-04,3.732984e-07,-5.532954e-05,7.147785e-03,2.951420e-04,4.965331e-01,2.266900e+01,9.665650e-01,2.317450e+01,4.077650e-01,3.077879e-01,3.680725e+01,8.819608e-01,2.639987e+01,3.730873e+00,1.164580e+00,7.016107e-01,9.819347e+01,6.965067e+01,7.409227e+01,7.034622e+01,1.419986e-04,6.024249e-01,1.327118e-02,-6.221635e-06,1.029702e-03,5.813168e-01,1.318203e-02,5.030354e-01,-1.198895e+00,6.218022e-01,5.354233e+00,3.781383e-01,2.637576e-01,3.185836e+01,5.583801e-01,5.189919e+00,6.388813e+00,-4.328920e+00,7.651838e-01,1.198893e+02,1.030720e+02,1.052029e+02,8.720432e+01,-2.132028e-04,5.272511e-01,8.287917e-03,1.538670e-05,-2.408578e-03,5.794535e-01,7.742670e-03,4.832156e-01,-4.362640e-01,6.085336e-01,6.492068e+00,2.308104e-01,1.518043e-01,4.503833e+01,7.927380e-01,5.073709e+00,5.509974e+00,-1.123703e+01,8.228968e-01,1.492291e+02,9.221812e+01,1.468268e+02,1.059534e+02,-4.550223e-04,4.709885e-01,1.264727e-02,1.587241e-06,-6.814899e-04,4.763735e-01,1.264146e-02,4.950566e-01,-5.685961e+00,6.670492e-01,9.280084e+00,2.165396e-01,1.426180e-01,5.179114e+01,7.649815e-01,1.131355e+00,6.817316e+00,-1.989734e-01,8.403972e-01,1.813748e+02,1.162334e+02,1.782418e+02,1.110644e+02,-8.475382e-05,5.225878e-01,1.172302e-02,7.942574e-06,-1.218000e-03,5.495346e-01,1.157773e-02,4.873717e-01,2.590802e+00,5.743271e-01,8.425291e+00,1.817114e-01,1.153249e-01,5.157071e+01,7.586116e-01,8.738760e+00,6.147958e+00,3.372994e+00,6.775934e-01,2.150839e+02,1.279671e+02,2.047169e+02,1.202305e+02,-3.688934e-04,3.668242e-01,1.367707e-02,9.775354e-06,-1.763641e-03,3.999890e-01,1.345699e-02,4.692678e-01,1.841356e+00,6.034071e-01,7.286448e+00,1.841214e-01,1.212869e-01,4.468676e+01,5.733005e-01,8.800628e+00,6.959272e+00,4.779428e+00,7.535220e-01,2.404734e+02,1.394212e+02,2.278500e+02,1.474070e+02,1.122548e-04,5.782317e-01,8.159094e-03,3.000661e-06,-3.158795e-04,5.884120e-01,8.138358e-03,4.800715e-01,3.637131e+00,5.962217e-01,8.739038e+00,1.775467e-01,1.146261e-01,6.065968e+01,7.652272e-01,1.097372e+01,7.336590e+00,3.017137e+00,6.910422e-01,2.608873e+02,1.492313e+02,2.364749e+02,1.447550e+02,-2.479258e-04,4.064976e-01,9.944164e-03,6.450264e-06,-1.168249e-03,4.283814e-01,9.848344e-03,4.741495e-01,7.860963e+00,7.136031e-01,1.075860e+01,1.316728e-01,8.068963e-02,5.214003e+01,8.015812e-01,1.465608e+01,6.795117e+00,1.864413e+00,7.427577e-01,2.803979e+02,1.516182e+02,2.810603e+02,1.513423e+02,-1.499030e-04,5.410390e-01,1.271352e-02,-1.472319e-06,6.016754e-05,5.360439e-01,1.270853e-02,4.876925e-01,6.446234e+00,7.164636e-01,9.945012e+00,1.502002e-01,9.502432e-02,4.977860e+01,6.858377e-01,1.373959e+01,7.293360e+00,2.131414e+00,8.203039e-01,2.694267e+02,1.443320e+02,2.575770e+02,1.461951e+02,-3.600126e-06,6.280240e-01,1.088641e-02,2.571615e-06,-3.705182e-04,6.367487e-01,1.087118e-02,4.985255e-01,-1.983941e+00,6.518316e-01,7.831386e+00,1.617593e-01,1.025612e-01,5.596803e+01,7.239410e-01,5.338094e+00,7.322035e+00,-2.690652e+00,7.000579e-01,2.666655e+02,1.515320e+02,2.588710e+02,1.449256e+02,-1.772140e-04,5.170331e-01,9.549499e-03,1.173295e-05,-1.851271e-03,5.568394e-01,9.232459e-03,4.802982e-01,2.993659e+00,6.205434e-01,7.609733e+00,1.284144e-01,7.819431e-02,4.255715e+01,6.906923e-01,9.676064e+00,6.682405e+00,3.232186e+00,7.559487e-01,2.769203e+02,1.446664e+02,2.788309e+02,1.550313e+02,-1.032009e-04,4.323735e-01,1.287456e-02,1.064212e-06,-2.550427e-04,4.359840e-01,1.287196e-02,4.896604e-01,1.191061e+00,6.337517e-01,6.605437e+00,1.281835e-01,7.847192e-02,4.926309e+01,7.866176e-01,7.785073e+00,6.594011e+00,6.536249e+00,7.710764e-01,2.806652e+02,1.535932e+02,2.717164e+02,1.454989e+02,-1.726543e-04,5.181208e-01,1.071239e-02,5.756858e-06,-9.940427e-04,5.376521e-01,1.063607e-02,4.896126e-01,3.639303e+00,6.628417e-01,7.242235e+00,1.257156e-01,7.651404e-02,4.610859e+01,8.337554e-01,9.793211e+00,6.153908e+00,2.690958e+00,8.352852e-01,2.579039e+02,1.391936e+02,2.537254e+02,1.373314e+02,-3.694146e-04,5.532176e-01,1.258762e-02,-4.754737e-06,3.089913e-04,5.370863e-01,1.253556e-02,4.770639e-01,4.067727e+00,6.787724e-01,6.453011e+00,1.127791e-01,6.763395e-02,3.549607e+01,7.921943e-01,9.114770e+00,5.047043e+00,2.240753e+00,6.732161e-01,2.297714e+02,1.156230e+02,2.295680e+02,1.245314e+02,-2.865467e-04,5.042003e-01,1.236009e-02,3.805580e-07,-3.408447e-04,5.054914e-01,1.235976e-02,4.751524e-01,4.816760e-01,1.063678e-02,1.845500e-02,7.044278e-01,7.999615e-01,2.136053e-01,4.934736e-01,5.876605e-02,5.876319e-02,2.000000e+01,5.045029e-01,8.837846e-01,1.057155e+00,2.363528e+00,2.044900e+00,4.939617e-01,1.923654e-02,3.347444e-02,6.710900e-01,6.754916e-01,3.627804e-01,4.962041e-01,9.195219e-02,9.194746e-02,2.000000e+01,5.294997e-01,1.219859e+00,1.320245e+00,3.316673e+00,2.762634e+00,1.765512e-01,1.658287e-03,6.819024e-03,2.448772e+00,7.462841e+00,1.845376e-01,7.319940e-01,3.661532e-02,3.661546e-02,-2.000000e+01,4.265420e-01,1.162258e+00,1.305865e+00,1.637526e+00,1.302550e+00,5.604122e-01,1.776851e-03,2.599422e-03,3.277880e-01,2.616621e-01,2.690854e-02,6.293460e-01,4.253308e-03,4.253876e-03,-2.000000e+01,3.668239e-01,8.382308e-02,5.967898e-02,1.021970e-01,8.156504e-02,5.385399e-01,7.924856e-03,1.445363e-02,1.353714e+00,1.605192e+00,2.368482e-01,5.834053e-01,4.901794e-02,4.902058e-02,-2.000000e+01,3.410609e-01,5.318091e-01,7.364999e-01,1.559202e+00,1.446907e+00,5.810350e-01,1.358931e-02,2.185260e-02,5.636508e-01,4.904308e-01,2.277069e-01,4.379069e-01,5.134848e-02,5.135116e-02,-2.000000e+01,6.003236e-01,8.873150e-01,1.245665e+00,1.881835e+00,1.884400e+00,6.242312e-01,1.814216e-02,2.571660e-02,3.312383e-01,2.580630e-01,3.366082e-01,5.606455e-01,4.924295e-02,4.924309e-02,-2.000000e+01,4.381111e-01,1.115746e+00,1.059986e+00,1.654302e+00,1.549543e+00,6.372403e-01,2.161749e-02,2.899059e-02,1.538769e-01,9.321715e-02,2.151619e-01,4.952860e-01,4.308492e-02,4.308138e-02,2.000000e+01,5.192581e-01,1.453173e+00,8.733106e-01,1.653049e+00,1.131814e+00,6.316847e-01,2.644930e-02,3.590711e-02,2.448282e-01,1.657097e-01,3.920890e-01,5.092868e-01,6.376433e-02,6.376540e-02,-2.000000e+01,4.491124e-01,1.607089e+00,1.185139e+00,2.210004e+00,1.795321e+00,6.385624e-01,2.695762e-02,3.615198e-02,1.892952e-01,1.238141e-01,3.732818e-01,5.529626e-01,5.799283e-02,5.797800e-02,2.000000e+01,4.394527e-01,1.766670e+00,1.095953e+00,2.095538e+00,1.525700e+00,6.574981e-01,3.138909e-02,4.035193e-02,1.255203e-01,7.247089e-02,2.446577e-01,4.990103e-01,5.612032e-02,5.611229e-02,2.000000e+01,5.449852e-01,2.145943e+00,1.069310e+00,2.294870e+00,1.269615e+00,6.547176e-01,3.109320e-02,3.959489e-02,1.216311e-01,6.942503e-02,2.319548e-01,5.505118e-01,5.300387e-02,5.299903e-02,2.000000e+01,5.381892e-01,2.047861e+00,1.028024e+00,2.176736e+00,1.226335e+00,6.313518e-01,3.287540e-02,4.465626e-02,1.508369e-01,9.453930e-02,3.953213e-01,6.405977e-01,6.277221e-02,6.276131e-02,2.000000e+01,5.256922e-01,2.168169e+00,1.248468e+00,2.422340e+00,1.636489e+00,6.227641e-01,3.561635e-02,4.853879e-02,1.778277e-01,1.117389e-01,4.963263e-01,6.591210e-01,7.248786e-02,7.248493e-02,2.000000e+01,5.896070e-01,2.157382e+00,1.366457e+00,2.659312e+00,1.932414e+00,6.280617e-01,3.830636e-02,5.332503e-02,3.202247e-01,2.330846e-01,6.273921e-01,5.273212e-01,9.862310e-02,9.862482e-02,-2.000000e+01,4.494773e-01,2.075561e+00,1.672553e+00,3.223014e+00,2.818668e+00,6.030767e-01,3.878214e-02,5.866298e-02,6.856521e-01,6.109378e-01,7.841774e-01,4.849780e-01,1.444140e-01,1.444144e-01,-2.000000e+01,4.657370e-01,1.924058e+00,2.145833e+00,4.735533e+00,4.863000e+00,6.023341e-01,4.117446e-02,5.946929e-02,2.241732e-01,1.463642e-01,4.783000e-01,4.822483e-01,9.600604e-02,9.601144e-02,-2.000000e+01,5.295227e-01,2.352441e+00,1.616015e+00,3.290943e+00,2.965653e+00,5.719857e-01,4.485633e-02,7.065094e-02,3.444068e-01,2.616805e-01,7.426150e-01,5.811390e-01,1.262816e-01,1.262849e-01,-2.000000e+01,4.528483e-01,2.537573e+00,2.517054e+00,4.535249e+00,4.481813e+00,5.810083e-01,4.698319e-02,7.107666e-02,3.888219e-01,2.750947e-01,9.045753e-01,6.449678e-01,1.359992e-01,1.359941e-01,2.000000e+01,3.558347e-01,2.427792e+00,2.200744e+00,4.440445e+00,4.287058e+00,5.704778e-01,4.425524e-02,7.079633e-02,4.741000e-01,4.027433e-01,1.005240e+00,6.585258e-01,1.466361e-01,1.466232e-01,2.000000e+01,3.797085e-01,2.412129e+00,2.400260e+00,5.440742e+00,4.840158e+00,5.696443e-01,4.403912e-02,6.888302e-02,3.197079e-01,2.339570e-01,6.595478e-01,5.456691e-01,1.247052e-01,1.246777e-01,2.000000e+01,4.365725e-01,2.559886e+00,2.256022e+00,4.361031e+00,4.326975e+00,5.791804e-01,4.712330e-02,7.289170e-02,6.698585e-01,5.697337e-01,8.742406e-01,4.713168e-01,1.823411e-01,1.823281e-01,2.000000e+01,4.945705e-01,2.102235e+00,2.411107e+00,6.087355e+00,5.287587e+00,5.470177e-01,5.223845e-02,8.556405e-02,7.943258e-01,7.834193e-01,1.148942e+00,5.188344e-01,2.370333e-01,2.370233e-01,2.000000e+01,5.352383e-01,2.655363e+00,2.912637e+00,7.903301e+00,6.593141e+00,5.430143e-01,4.991855e-02,8.412162e-02,6.693396e-01,6.240504e-01,1.125128e+00,5.921652e-01,2.161051e-01,2.161000e-01,2.000000e+01,4.677390e-01,2.484586e+00,2.783345e+00,7.118654e+00,6.281381e+00,5.302905e-01,4.863362e-02,8.421469e-02,5.926051e-01,5.666299e-01,1.092222e+00,6.207065e-01,2.035356e-01,2.035271e-01,2.000000e+01,5.133380e-01,2.621025e+00,2.856192e+00,7.261054e+00,6.830705e+00,5.069459e-01,4.643676e-02,8.432500e-02,7.077387e-01,7.001094e-01,1.043729e+00,5.254655e-01,2.283667e-01,2.283538e-01,2.000000e+01,4.921949e-01,2.853361e+00,3.344454e+00,7.768358e+00,7.367292e+00,4.989866e-01,3.868237e-02,7.421789e-02,1.466667e+00,1.219843e+00,1.118658e+00,4.595223e-01,2.862839e-01,2.862766e-01,2.000000e+01,4.520907e-01,1.328871e+00,1.841512e+00,1.032122e+01,8.999853e+00,5.115726e-01,2.996510e-02,5.947848e-02,1.831558e+00,1.402500e+00,1.020885e+00,4.770190e-01,2.471731e-01,2.471747e-01,-2.000000e+01,4.552228e-01,1.438529e+00,2.863485e+00,9.337273e+00,8.909330e+00,5.214968e-01,2.197043e-02,4.012979e-02,1.650470e+00,1.404838e+00,7.842062e-01,4.902422e-01,1.526647e-01,1.526665e-01,-2.000000e+01,4.487966e-01,1.110666e+00,2.038492e+00,5.704916e+00,4.823129e+00,5.170465e-01,1.777831e-02,3.214056e-02,8.814907e-01,7.387862e-01,4.249103e-01,4.537003e-01,9.518459e-02,9.518838e-02,-2.000000e+01,4.747319e-01,7.399302e-01,8.759997e-01,3.642868e+00,2.966734e+00,3.623484e-01,7.321281e-04,2.782561e-03,4.372903e+00,5.842641e+00,7.288827e-02,4.877463e-01,2.028376e-02,2.028359e-02,2.000000e+01,4.659538e-01,2.548393e-01,5.689927e-01,1.045678e+00,8.955837e-01,2.149758e-01,4.094204e-04,1.676203e-03,5.343461e+00,5.396149e+00,4.954645e-02,5.401729e-01,1.164657e-02,1.164651e-02,2.000000e+01,3.785568e-01,6.095849e-02,1.896319e-01,5.858160e-01,5.531403e-01,7.615717e-01,2.854732e+01,4.130286e+01,3.268571e+00,2.956649e+00,8.182617e+02,4.428904e-01,1.774069e+02,1.773884e+02,2.000000e+01,4.832945e-01,8.210577e+02,1.536197e+03,6.517369e+03,9.852000e+03,6.370180e-01,4.463853e+01,8.276508e+01,3.515250e+00,3.289225e+00,1.662363e+03,4.871687e-01,5.013210e+02,5.013081e+02,2.000000e+01,4.408919e-01,2.768359e+03,5.610731e+03,2.785798e+04,2.758977e+04,4.611573e-01,5.731301e+01,1.317372e+02,1.480526e+00,1.528856e+00,2.146143e+03,5.524760e-01,5.586221e+02,5.586063e+02,2.000000e+01,4.275684e-01,6.019725e+03,8.719462e+03,2.866646e+04,2.882852e+04,4.514064e-01,9.528625e+01,2.008515e+02,9.336842e-01,1.037139e+00,2.586855e+03,4.916780e-01,6.991396e+02,6.990816e+02,2.000000e+01,4.810368e-01,9.790054e+03,1.355999e+04,3.395223e+04,3.264997e+04,2.279128e-01,1.532344e-02,6.659066e-02,3.576667e+00,9.857269e+00,1.488202e+00,4.752889e-01,4.859069e-01,4.859046e-01,2.000000e+01,5.294375e-01,1.381630e+01,1.387212e+01,2.494428e+01,1.944362e+01,4.956391e-01,4.143523e+01,8.027149e+01,1.528370e+00,1.343906e+00,1.307867e+03,4.890489e-01,3.275740e+02,3.275537e+02,2.000000e+01,4.551449e-01,2.329886e+03,3.385423e+03,1.506392e+04,1.721534e+04,5.693018e-01,1.226083e-01,1.817719e-01,1.512221e-01,1.010616e-01,1.259553e+00,5.702510e-01,2.610815e-01,2.610384e-01,2.000000e+01,6.204684e-01,1.086998e+01,7.311287e+00,1.065361e+01,8.780968e+00,3.440717e-01,1.191733e+05,3.379665e+05,1.937183e+00,1.848769e+00,6.071804e+06,4.901435e-01,1.793618e+06,1.793616e+06,2.000000e+01,4.623843e-01,9.226734e+06,1.572792e+07,1.015738e+08,7.507365e+07,3.071409e-01,1.033975e+00,2.990277e+00,1.209914e+00,2.478625e+00,4.180048e+01,5.643437e-01,1.199079e+01,1.199086e+01,-2.000000e+01,5.481446e-01,4.044499e+02,3.795932e+02,5.721954e+02,3.938026e+02,5.910870e-02,1.781190e+02,9.287545e+02,2.063971e+00,6.953187e+00,1.353227e+04,4.897940e-01,5.380525e+03,5.380526e+03,-2.000000e+01,5.704357e-01,1.949752e+05,1.966735e+05,3.012277e+05,2.030912e+05,1.116546e-02,1.599161e-02,1.577940e-01,8.010000e+00,7.971770e+00,4.438676e+00,4.574830e-01,1.550310e+00,1.550310e+00,2.000000e+01,5.394603e-01,8.556506e+01,6.040583e+01,5.956507e+01,6.082085e+01,5.292674e-01,3.245609e-02,5.825957e-02,1.528913e+00,1.221743e+00,9.381100e-01,4.817678e-01,2.257064e-01,2.256900e-01,2.000000e+01,4.482972e-01,1.635858e+00,2.139204e+00,1.018568e+01,1.264748e+01,3.361012e-01,5.354316e-04,3.452613e-03,3.112000e+01,1.854389e+01,1.505328e-01,4.444504e-01,5.417039e-02,5.417029e-02,2.000000e+01,4.427356e-01,5.171905e-03,3.415280e-03,2.788714e+00,2.852551e+00,6.113612e-01,5.451046e-01,7.649031e-01,2.056069e-01,1.438587e-01,7.177096e+00,5.350921e-01,1.220530e+00,1.220767e+00,-2.000000e+01,5.694320e-01,4.644064e+01,3.525069e+01,3.774907e+01,2.893257e+01,6.293108e-01,7.349468e-01,9.701366e-01,1.229422e-01,7.662901e-02,6.957470e+00,5.776215e-01,1.310942e+00,1.311321e+00,-2.000000e+01,5.136306e-01,5.750141e+01,3.309556e+01,5.660067e+01,3.508853e+01,6.471772e-01,9.132973e-01,1.170936e+00,1.073042e-01,6.351526e-02,6.379718e+00,4.922012e-01,1.540134e+00,1.539995e+00,2.000000e+01,6.172414e-01,7.219979e+01,3.751788e+01,7.008656e+01,3.664505e+01,6.518490e-01,1.099310e+00,1.415749e+00,1.007431e-01,5.858394e-02,9.085553e+00,6.347766e-01,1.805615e+00,1.806761e+00,-2.000000e+01,5.355002e-01,8.725423e+01,4.355364e+01,8.489278e+01,4.317327e+01,6.528394e-01,1.234306e+00,1.583556e+00,1.022023e-01,5.927746e-02,1.025512e+01,6.305879e-01,2.024204e+00,2.024370e+00,-2.000000e+01,5.114922e-01,9.586007e+01,4.563173e+01,9.622897e+01,4.833162e+01,6.504033e-01,1.328024e+00,1.715630e+00,1.058618e-01,6.232310e-02,9.334260e+00,4.786799e-01,2.293785e+00,2.294471e+00,-2.000000e+01,6.170639e-01,1.093505e+02,5.734149e+01,1.074817e+02,5.506884e+01,6.605742e-01,1.452892e+00,1.836805e+00,9.853490e-02,5.712167e-02,1.204931e+01,6.438892e-01,2.360393e+00,2.360441e+00,-2.000000e+01,5.217924e-01,1.173700e+02,5.881285e+01,1.145758e+02,5.733031e+01,6.580650e-01,1.479107e+00,1.887174e+00,9.645467e-02,5.507412e-02,8.306013e+00,4.636637e-01,2.435315e+00,2.436473e+00,-2.000000e+01,6.621399e-01,1.210089e+02,5.939837e+01,1.205989e+02,5.935517e+01,6.586148e-01,1.447002e+00,1.822881e+00,9.729692e-02,5.571901e-02,1.132139e+01,6.213099e-01,2.382352e+00,2.382344e+00,2.000000e+01,5.971724e-01,1.175032e+02,5.651433e+01,1.155918e+02,5.610820e+01,6.610397e-01,1.471593e+00,1.854727e+00,9.570181e-02,5.413568e-02,7.828670e+00,4.694368e-01,2.402488e+00,2.401605e+00,2.000000e+01,6.511785e-01,1.170736e+02,5.541803e+01,1.176669e+02,5.777240e+01,6.597462e-01,1.479631e+00,1.869172e+00,9.288135e-02,5.270687e-02,9.402842e+00,5.984096e-01,2.357184e+00,2.357092e+00,2.000000e+01,6.167892e-01,1.190566e+02,5.708086e+01,1.186364e+02,5.842865e+01,6.655880e-01,1.456007e+00,1.824317e+00,9.274561e-02,5.246435e-02,1.072836e+01,6.492621e-01,2.359172e+00,2.358397e+00,2.000000e+01,5.094717e-01,1.188978e+02,5.661670e+01,1.173184e+02,5.633896e+01,6.591017e-01,1.336865e+00,1.691933e+00,9.365549e-02,5.350425e-02,9.560217e+00,6.192290e-01,2.178334e+00,2.178347e+00,-2.000000e+01,5.301777e-01,1.102587e+02,5.308436e+01,1.088949e+02,5.344107e+01,6.625305e-01,1.192294e+00,1.494179e+00,9.388925e-02,5.327342e-02,8.493150e+00,6.068549e-01,1.960073e+00,1.960485e+00,-2.000000e+01,4.996084e-01,9.731062e+01,4.592831e+01,9.735024e+01,4.721834e+01,?
